timestamp,pid,true_type,action,assigned_cores,decision_source,cpu_percent,vol_ctx_rate,invol_ctx_rate,time_since_switch,current_core_assignment,reward,cumulative_regret,confidence_ucb,alpha_param,beta_param
1791087075.1586554,42888,Heavy,E-core,"[12, 13, 14, 15, 16, 17, 18, 19, 20, 21, 22, 23]",bandit,0.0,929.8,0.0,1.1,1.0,-0.0900,27.3000,0.0541,0.7,0.3
1791087075.1586554,35244,Heavy,E-core,"[12, 13, 14, 15, 16, 17, 18, 19, 20, 21, 22, 23]",bandit,0.0,1027.6,0.0,1.1,1.0,-0.0900,27.3000,0.0535,0.7,0.3
1791087075.1586554,34784,Light,E-core,"[12, 13, 14, 15, 16, 17, 18, 19, 20, 21, 22, 23]",bandit,0.0,5.3,0.0,1.1,1.0,-0.0900,27.3000,0.0539,0.7,0.3
1791087075.1586554,41760,Light,E-core,"[12, 13, 14, 15, 16, 17, 18, 19, 20, 21, 22, 23]",bandit,0.0,5.3,0.0,1.1,1.0,-0.0900,27.3000,0.0538,0.7,0.3
1791087075.3166385,42888,Heavy,P-core,"[0, 1, 2, 3, 4, 5, 6, 7, 8, 9, 10, 11]",bandit,0.0,943.4,0.0,1.1,1.0,-0.3000,443.9400,0.0307,0.7,0.3
1791087075.3166385,35244,Heavy,P-core,"[0, 1, 2, 3, 4, 5, 6, 7, 8, 9, 10, 11]",bandit,0.0,940.7,0.0,1.1,1.0,-0.3000,444.1500,0.0298,0.7,0.3
1791087075.3166385,34784,Light,P-core,"[0, 1, 2, 3, 4, 5, 6, 7, 8, 9, 10, 11]",bandit,0.0,5.4,0.0,1.1,1.0,-0.3000,444.3600,0.0403,0.7,0.3
1791087075.3166385,41760,Light,P-core,"[0, 1, 2, 3, 4, 5, 6, 7, 8, 9, 10, 11]",bandit,0.0,8.1,0.0,1.1,1.0,-0.3000,444.5700,0.0398,0.7,0.3
1791087075.676727,42888,Heavy,E-core,"[12, 13, 14, 15, 16, 17, 18, 19, 20, 21, 22, 23]",bandit,0.0,951.9,0.0,1.1,0.0,-0.0900,76.8600,0.0537,0.7,0.3
1791087075.676727,35244,Heavy,E-core,"[12, 13, 14, 15, 16, 17, 18, 19, 20, 21, 22, 23]",bandit,0.0,933.1,0.0,1.1,0.0,-0.0900,76.8600,0.0534,0.7,0.3
1791087075.676727,34784,Light,P-core,"[0, 1, 2, 3, 4, 5, 6, 7, 8, 9, 10, 11]",bandit,0.0,6.3,0.0,1.1,0.0,-0.0900,76.8600,0.0570,0.7,0.3
1791087075.676727,41760,Light,P-core,"[0, 1, 2, 3, 4, 5, 6, 7, 8, 9, 10, 11]",bandit,0.0,6.3,0.0,1.1,0.0,-0.0900,76.8600,0.0570,0.7,0.3
1791087076.2800856,42888,Heavy,P-core,"[0, 1, 2, 3, 4, 5, 6, 7, 8, 9, 10, 11]",bandit,0.0,1128.0,0.0,1.1,1.0,-0.0900,27.3000,0.1099,0.7,0.3
1791087076.2800856,35244,Heavy,P-core,"[0, 1, 2, 3, 4, 5, 6, 7, 8, 9, 10, 11]",bandit,0.0,1079.9,0.0,1.1,1.0,-0.0900,27.3000,0.0986,0.7,0.3
1791087076.2800856,34784,Light,E-core,"[12, 13, 14, 15, 16, 17, 18, 19, 20, 21, 22, 23]",bandit,0.0,3.6,0.0,1.1,0.0,-0.0900,27.3000,0.1955,0.7,0.3
1791087076.2800856,41760,Light,E-core,"[12, 13, 14, 15, 16, 17, 18, 19, 20, 21, 22, 23]",bandit,0.0,4.5,0.0,1.1,0.0,-0.0900,27.3000,0.1945,0.7,0.3
1791087076.430273,42888,Heavy,E-core,"[12, 13, 14, 15, 16, 17, 18, 19, 20, 21, 22, 23]",bandit,0.0,1063.2,0.0,1.1,0.0,-0.3000,444.7800,0.0751,0.7,0.3
1791087076.430273,35244,Heavy,E-core,"[12, 13, 14, 15, 16, 17, 18, 19, 20, 21, 22, 23]",bandit,0.0,1027.3,0.0,1.1,0.0,-0.3000,444.9900,0.0751,0.7,0.3
1791087076.430273,34784,Light,P-core,"[0, 1, 2, 3, 4, 5, 6, 7, 8, 9, 10, 11]",bandit,0.0,3.6,0.0,1.1,1.0,-0.3000,445.2000,0.0399,0.7,0.3
1791087076.430273,41760,Light,P-core,"[0, 1, 2, 3, 4, 5, 6, 7, 8, 9, 10, 11]",bandit,0.0,4.5,0.0,1.1,1.0,-0.3000,445.4100,0.0396,0.7,0.3
1791087076.7933595,42888,Heavy,P-core,"[0, 1, 2, 3, 4, 5, 6, 7, 8, 9, 10, 11]",bandit,0.0,1220.6,0.0,1.1,1.0,-0.0900,76.8600,0.1175,0.7,0.3
1791087076.7933595,35244,Heavy,P-core,"[0, 1, 2, 3, 4, 5, 6, 7, 8, 9, 10, 11]",bandit,0.0,1303.9,0.0,1.1,1.0,-0.0900,76.8600,0.1259,0.7,0.3
1791087076.7933595,34784,Light,P-core,"[0, 1, 2, 3, 4, 5, 6, 7, 8, 9, 10, 11]",bandit,0.0,2.7,0.0,1.1,0.0,-0.3000,77.0700,0.0556,0.7,0.3
1791087076.7933595,41760,Light,P-core,"[0, 1, 2, 3, 4, 5, 6, 7, 8, 9, 10, 11]",bandit,0.0,4.5,0.0,1.1,0.0,-0.3000,77.2800,0.0533,0.7,0.3
1791087077.4091845,42888,Heavy,E-core,"[12, 13, 14, 15, 16, 17, 18, 19, 20, 21, 22, 23]",bandit,0.0,708.5,0.0,1.1,0.0,-0.3000,27.5100,0.1885,0.7,0.3
1791087077.4091845,35244,Heavy,E-core,"[12, 13, 14, 15, 16, 17, 18, 19, 20, 21, 22, 23]",bandit,0.0,853.8,0.0,1.1,0.0,-0.3000,27.7200,0.1874,0.7,0.3
1791087077.4091845,34784,Light,E-core,"[12, 13, 14, 15, 16, 17, 18, 19, 20, 21, 22, 23]",bandit,0.0,2.7,0.0,1.1,0.0,-0.0900,27.7200,0.1836,0.7,0.3
1791087077.4091845,41760,Light,E-core,"[12, 13, 14, 15, 16, 17, 18, 19, 20, 21, 22, 23]",bandit,0.0,7.1,0.0,1.1,0.0,-0.0900,27.7200,0.1795,0.7,0.3
1791087077.552984,42888,Heavy,P-core,"[0, 1, 2, 3, 4, 5, 6, 7, 8, 9, 10, 11]",bandit,0.0,762.4,0.0,1.1,1.0,-0.0900,445.4100,0.0247,0.7,0.3
1791087077.552984,35244,Heavy,P-core,"[0, 1, 2, 3, 4, 5, 6, 7, 8, 9, 10, 11]",bandit,0.0,965.5,0.0,1.1,1.0,-0.0900,445.4100,0.0309,0.7,0.3
1791087077.552984,34784,Light,P-core,"[0, 1, 2, 3, 4, 5, 6, 7, 8, 9, 10, 11]",bandit,0.0,4.5,0.0,1.1,1.0,-0.3000,445.6200,0.0419,0.7,0.3
1791087077.552984,41760,Light,P-core,"[0, 1, 2, 3, 4, 5, 6, 7, 8, 9, 10, 11]",bandit,0.0,4.5,0.0,1.1,1.0,-0.3000,445.8300,0.0417,0.7,0.3
1791087077.9114444,42888,Heavy,E-core,"[12, 13, 14, 15, 16, 17, 18, 19, 20, 21, 22, 23]",bandit,0.0,520.5,0.0,1.1,0.0,-0.3000,77.4900,0.0525,0.7,0.3
1791087077.9114444,35244,Heavy,E-core,"[12, 13, 14, 15, 16, 17, 18, 19, 20, 21, 22, 23]",bandit,0.0,644.9,0.0,1.1,0.0,-0.3000,77.7000,0.0523,0.7,0.3
1791087077.9114444,34784,Light,E-core,"[12, 13, 14, 15, 16, 17, 18, 19, 20, 21, 22, 23]",bandit,0.0,2.7,0.0,1.1,0.0,-0.3000,77.9100,0.0528,0.7,0.3
1791087077.9114444,41760,Light,E-core,"[12, 13, 14, 15, 16, 17, 18, 19, 20, 21, 22, 23]",bandit,0.0,5.4,0.0,1.1,0.0,-0.3000,78.1200,0.0528,0.7,0.3
1791087078.5337381,42888,Heavy,E-core,"[12, 13, 14, 15, 16, 17, 18, 19, 20, 21, 22, 23]",bandit,0.0,910.6,0.0,1.1,1.0,-0.0900,27.7200,0.0486,0.7,0.3
1791087078.5337381,35244,Heavy,P-core,"[0, 1, 2, 3, 4, 5, 6, 7, 8, 9, 10, 11]",bandit,0.0,970.2,0.0,1.1,1.0,-0.0900,27.7200,0.0587,0.7,0.3
1791087078.5337381,34784,Light,P-core,"[0, 1, 2, 3, 4, 5, 6, 7, 8, 9, 10, 11]",bandit,0.0,7.1,0.0,1.1,1.0,-0.0900,27.7200,0.0596,0.7,0.3
1791087078.5337381,41760,Light,P-core,"[0, 1, 2, 3, 4, 5, 6, 7, 8, 9, 10, 11]",bandit,0.0,5.3,0.0,1.1,1.0,-0.0900,27.7200,0.0599,0.7,0.3
1791087078.6803424,42888,Heavy,P-core,"[0, 1, 2, 3, 4, 5, 6, 7, 8, 9, 10, 11]",bandit,0.0,919.8,0.0,1.1,1.0,-0.3000,446.0400,0.0297,0.7,0.3
1791087078.6803424,35244,Heavy,E-core,"[12, 13, 14, 15, 16, 17, 18, 19, 20, 21, 22, 23]",bandit,0.0,842.7,0.0,1.1,0.0,-0.3000,446.2500,0.0780,0.7,0.3
1791087078.6803424,34784,Light,P-core,"[0, 1, 2, 3, 4, 5, 6, 7, 8, 9, 10, 11]",bandit,0.0,5.3,0.0,1.1,0.0,-0.3000,446.4600,0.0961,0.7,0.3
1791087078.6803424,41760,Light,P-core,"[0, 1, 2, 3, 4, 5, 6, 7, 8, 9, 10, 11]",bandit,0.0,5.3,0.0,1.1,0.0,-0.3000,446.6700,0.0961,0.7,0.3
1791087079.0342867,42888,Heavy,E-core,"[12, 13, 14, 15, 16, 17, 18, 19, 20, 21, 22, 23]",bandit,0.0,941.4,0.0,1.1,0.0,-0.0900,78.1200,0.0554,0.7,0.3
1791087079.0342867,35244,Heavy,E-core,"[12, 13, 14, 15, 16, 17, 18, 19, 20, 21, 22, 23]",bandit,0.0,1101.7,0.0,1.1,1.0,-0.0900,78.1200,0.1008,0.7,0.3
1791087079.0342867,34784,Light,E-core,"[12, 13, 14, 15, 16, 17, 18, 19, 20, 21, 22, 23]",bandit,0.0,7.1,0.0,1.1,0.0,-0.0900,78.1200,0.0555,0.7,0.3
1791087079.0342867,41760,Light,E-core,"[12, 13, 14, 15, 16, 17, 18, 19, 20, 21, 22, 23]",bandit,0.0,5.3,0.0,1.1,0.0,-0.0900,78.1200,0.0552,0.7,0.3
1791087079.6543832,42888,Heavy,E-core,"[12, 13, 14, 15, 16, 17, 18, 19, 20, 21, 22, 23]",bandit,0.0,814.7,0.0,1.1,1.0,-0.0900,27.7200,0.0473,0.7,0.3
1791087079.6543832,35244,Heavy,P-core,"[0, 1, 2, 3, 4, 5, 6, 7, 8, 9, 10, 11]",bandit,0.0,964.6,0.0,1.1,1.0,-0.3000,27.9300,0.0650,0.7,0.3
1791087079.6543832,34784,Light,P-core,"[0, 1, 2, 3, 4, 5, 6, 7, 8, 9, 10, 11]",bandit,0.0,5.4,0.0,1.1,1.0,-0.3000,28.1400,0.0657,0.7,0.3
1791087079.6543832,41760,Light,P-core,"[0, 1, 2, 3, 4, 5, 6, 7, 8, 9, 10, 11]",bandit,0.0,3.6,0.0,1.1,1.0,-0.3000,28.3500,0.0632,0.7,0.3
1791087079.7963932,42888,Heavy,E-core,"[12, 13, 14, 15, 16, 17, 18, 19, 20, 21, 22, 23]",bandit,0.0,724.0,0.0,1.1,1.0,-0.3000,446.8800,0.0224,0.7,0.3
1791087079.7963932,35244,Heavy,E-core,"[12, 13, 14, 15, 16, 17, 18, 19, 20, 21, 22, 23]",bandit,0.0,978.5,0.0,1.1,0.0,-0.0900,446.8800,0.0752,0.7,0.3
1791087079.7963932,34784,Light,P-core,"[0, 1, 2, 3, 4, 5, 6, 7, 8, 9, 10, 11]",bandit,0.0,5.4,0.0,1.1,0.0,-0.3000,447.0900,0.0933,0.7,0.3
1791087079.7963932,41760,Light,P-core,"[0, 1, 2, 3, 4, 5, 6, 7, 8, 9, 10, 11]",bandit,0.0,3.6,0.0,1.1,0.0,-0.3000,447.3000,0.0930,0.7,0.3
1791087080.187872,42888,Heavy,E-core,"[12, 13, 14, 15, 16, 17, 18, 19, 20, 21, 22, 23]",bandit,0.0,932.7,0.0,1.2,1.0,-0.0900,78.1200,0.1249,0.7,0.3
1791087080.187872,35244,Heavy,E-core,"[12, 13, 14, 15, 16, 17, 18, 19, 20, 21, 22, 23]",bandit,0.0,1007.3,0.0,1.2,1.0,-0.0900,78.1200,0.1240,0.7,0.3
1791087080.187872,34784,Light,E-core,"[12, 13, 14, 15, 16, 17, 18, 19, 20, 21, 22, 23]",bandit,0.0,4.3,0.0,1.2,0.0,-0.0900,78.1200,0.0780,0.7,0.3
1791087080.187872,41760,Light,E-core,"[12, 13, 14, 15, 16, 17, 18, 19, 20, 21, 22, 23]",bandit,0.0,3.5,0.0,1.2,0.0,-0.0900,78.1200,0.0775,0.7,0.3
1791087080.795076,42888,Heavy,E-core,"[12, 13, 14, 15, 16, 17, 18, 19, 20, 21, 22, 23]",bandit,0.0,979.2,0.0,1.1,1.0,-0.0900,28.3500,0.0552,0.7,0.3
1791087080.795076,35244,Heavy,E-core,"[12, 13, 14, 15, 16, 17, 18, 19, 20, 21, 22, 23]",bandit,0.0,939.8,0.0,1.1,1.0,-0.3000,28.5600,0.0551,0.7,0.3
1791087080.795076,34784,Light,E-core,"[12, 13, 14, 15, 16, 17, 18, 19, 20, 21, 22, 23]",bandit,0.0,2.6,0.0,1.1,1.0,-0.3000,28.7700,0.0560,0.7,0.3
1791087080.795076,41760,Light,E-core,"[12, 13, 14, 15, 16, 17, 18, 19, 20, 21, 22, 23]",bandit,0.0,4.4,0.0,1.1,1.0,-0.3000,28.9800,0.0559,0.7,0.3
1791087080.936487,42888,Heavy,P-core,"[0, 1, 2, 3, 4, 5, 6, 7, 8, 9, 10, 11]",bandit,0.0,1078.9,0.0,1.1,1.0,-0.0900,447.3000,0.0365,0.7,0.3
1791087080.936487,35244,Heavy,P-core,"[0, 1, 2, 3, 4, 5, 6, 7, 8, 9, 10, 11]",bandit,0.0,991.1,0.0,1.1,1.0,-0.0900,447.3000,0.0336,0.7,0.3
1791087080.936487,34784,Light,P-core,"[0, 1, 2, 3, 4, 5, 6, 7, 8, 9, 10, 11]",bandit,0.0,2.6,0.0,1.1,1.0,-0.3000,447.5100,0.0465,0.7,0.3
1791087080.936487,41760,Light,P-core,"[0, 1, 2, 3, 4, 5, 6, 7, 8, 9, 10, 11]",bandit,0.0,6.1,0.0,1.1,1.0,-0.3000,447.7200,0.0461,0.7,0.3
1791087081.319837,42888,Heavy,E-core,"[12, 13, 14, 15, 16, 17, 18, 19, 20, 21, 22, 23]",bandit,0.0,854.3,0.0,1.1,0.0,-0.0900,78.1200,0.0597,0.7,0.3
1791087081.319837,35244,Heavy,E-core,"[12, 13, 14, 15, 16, 17, 18, 19, 20, 21, 22, 23]",bandit,0.0,723.5,0.0,1.1,0.0,-0.0900,78.1200,0.0594,0.7,0.3
1791087081.319837,34784,Light,E-core,"[12, 13, 14, 15, 16, 17, 18, 19, 20, 21, 22, 23]",bandit,0.0,2.7,0.0,1.1,0.0,-0.0900,78.1200,0.0596,0.7,0.3
1791087081.319837,41760,Light,E-core,"[12, 13, 14, 15, 16, 17, 18, 19, 20, 21, 22, 23]",bandit,0.0,5.3,0.0,1.1,0.0,-0.0900,78.1200,0.0592,0.7,0.3
1791087081.9155953,42888,Heavy,E-core,"[12, 13, 14, 15, 16, 17, 18, 19, 20, 21, 22, 23]",bandit,0.0,844.3,0.0,1.1,1.0,-0.0900,28.9800,0.0461,0.7,0.3
1791087081.9155953,35244,Heavy,E-core,"[12, 13, 14, 15, 16, 17, 18, 19, 20, 21, 22, 23]",bandit,0.0,780.9,0.0,1.1,1.0,-0.0900,28.9800,0.0457,0.7,0.3
1791087081.9155953,34784,Light,P-core,"[0, 1, 2, 3, 4, 5, 6, 7, 8, 9, 10, 11]",bandit,0.0,2.7,0.0,1.1,1.0,-0.0900,28.9800,0.0599,0.7,0.3
1791087081.9155953,41760,Light,P-core,"[0, 1, 2, 3, 4, 5, 6, 7, 8, 9, 10, 11]",bandit,0.0,8.0,0.0,1.1,1.0,-0.0900,28.9800,0.0586,0.7,0.3
1791087082.0500968,42888,Heavy,P-core,"[0, 1, 2, 3, 4, 5, 6, 7, 8, 9, 10, 11]",bandit,0.0,788.4,0.0,1.1,1.0,-0.3000,447.9300,0.0224,0.7,0.3
1791087082.0500968,35244,Heavy,P-core,"[0, 1, 2, 3, 4, 5, 6, 7, 8, 9, 10, 11]",bandit,0.0,805.5,0.0,1.1,1.0,-0.3000,448.1400,0.0223,0.7,0.3
1791087082.0500968,34784,Light,P-core,"[0, 1, 2, 3, 4, 5, 6, 7, 8, 9, 10, 11]",bandit,0.0,2.7,0.0,1.1,0.0,-0.3000,448.3500,0.0922,0.7,0.3
1791087082.0500968,41760,Light,P-core,"[0, 1, 2, 3, 4, 5, 6, 7, 8, 9, 10, 11]",bandit,0.0,9.0,0.0,1.1,0.0,-0.3000,448.5600,0.0916,0.7,0.3
1791087082.448451,42888,Heavy,E-core,"[12, 13, 14, 15, 16, 17, 18, 19, 20, 21, 22, 23]",bandit,0.0,893.1,0.0,1.1,0.0,-0.0900,78.1200,0.0559,0.7,0.3
1791087082.448451,35244,Heavy,E-core,"[12, 13, 14, 15, 16, 17, 18, 19, 20, 21, 22, 23]",bandit,0.0,815.2,0.0,1.1,0.0,-0.0900,78.1200,0.0556,0.7,0.3
1791087082.448451,34784,Light,E-core,"[12, 13, 14, 15, 16, 17, 18, 19, 20, 21, 22, 23]",bandit,0.0,2.7,0.0,1.1,0.0,-0.0900,78.1200,0.0559,0.7,0.3
1791087082.448451,41760,Light,E-core,"[12, 13, 14, 15, 16, 17, 18, 19, 20, 21, 22, 23]",bandit,0.0,9.7,0.0,1.1,0.0,-0.0900,78.1200,0.0556,0.7,0.3
1791087083.050657,42888,Heavy,E-core,"[12, 13, 14, 15, 16, 17, 18, 19, 20, 21, 22, 23]",bandit,0.0,1045.8,0.0,1.1,1.0,-0.0900,28.9800,0.0497,0.7,0.3
1791087083.050657,35244,Heavy,E-core,"[12, 13, 14, 15, 16, 17, 18, 19, 20, 21, 22, 23]",bandit,0.0,958.5,0.0,1.1,1.0,-0.0900,28.9800,0.0493,0.7,0.3
1791087083.050657,34784,Light,E-core,"[12, 13, 14, 15, 16, 17, 18, 19, 20, 21, 22, 23]",bandit,0.0,4.4,0.0,1.1,1.0,-0.3000,29.1900,0.0502,0.7,0.3
1791087083.050657,41760,Light,E-core,"[12, 13, 14, 15, 16, 17, 18, 19, 20, 21, 22, 23]",bandit,0.0,8.8,0.0,1.1,1.0,-0.3000,29.4000,0.0501,0.7,0.3
1791087083.1856017,42888,Heavy,P-core,"[0, 1, 2, 3, 4, 5, 6, 7, 8, 9, 10, 11]",bandit,0.0,1076.2,0.0,1.1,1.0,-0.3000,448.7700,0.0340,0.7,0.3
1791087083.1856017,35244,Heavy,P-core,"[0, 1, 2, 3, 4, 5, 6, 7, 8, 9, 10, 11]",bandit,0.0,956.4,0.0,1.1,1.0,-0.3000,448.9800,0.0295,0.7,0.3
1791087083.1856017,34784,Light,P-core,"[0, 1, 2, 3, 4, 5, 6, 7, 8, 9, 10, 11]",bandit,0.0,8.8,0.0,1.1,1.0,-0.3000,449.1900,0.0438,0.7,0.3
1791087083.1856017,41760,Light,P-core,"[0, 1, 2, 3, 4, 5, 6, 7, 8, 9, 10, 11]",bandit,0.0,6.2,0.0,1.1,1.0,-0.3000,449.4000,0.0440,0.7,0.3
1791087083.5737267,42888,Heavy,E-core,"[12, 13, 14, 15, 16, 17, 18, 19, 20, 21, 22, 23]",bandit,0.0,981.1,0.0,1.1,0.0,-0.0900,78.1200,0.0524,0.7,0.3
1791087083.5737267,35244,Heavy,E-core,"[12, 13, 14, 15, 16, 17, 18, 19, 20, 21, 22, 23]",bandit,0.0,1040.6,0.0,1.1,0.0,-0.0900,78.1200,0.0522,0.7,0.3
1791087083.5737267,34784,Light,E-core,"[12, 13, 14, 15, 16, 17, 18, 19, 20, 21, 22, 23]",bandit,0.0,8.0,0.0,1.1,0.0,-0.0900,78.1200,0.0525,0.7,0.3
1791087083.5737267,41760,Light,E-core,"[12, 13, 14, 15, 16, 17, 18, 19, 20, 21, 22, 23]",bandit,0.0,7.1,0.0,1.1,0.0,-0.0900,78.1200,0.0522,0.7,0.3
1791087084.1807182,42888,Heavy,P-core,"[0, 1, 2, 3, 4, 5, 6, 7, 8, 9, 10, 11]",bandit,0.0,1018.5,0.0,1.1,1.0,-0.0900,29.4000,0.0487,0.7,0.3
1791087084.1807182,35244,Heavy,P-core,"[0, 1, 2, 3, 4, 5, 6, 7, 8, 9, 10, 11]",bandit,0.0,1057.5,0.0,1.1,1.0,-0.0900,29.4000,0.0556,0.7,0.3
1791087084.1807182,34784,Light,E-core,"[12, 13, 14, 15, 16, 17, 18, 19, 20, 21, 22, 23]",bandit,0.0,13.3,0.0,1.1,1.0,-0.0900,29.4000,0.0467,0.7,0.3
1791087084.1807182,41760,Light,E-core,"[12, 13, 14, 15, 16, 17, 18, 19, 20, 21, 22, 23]",bandit,0.0,5.3,0.0,1.1,1.0,-0.0900,29.4000,0.0463,0.7,0.3
1791087084.31083,42888,Heavy,E-core,"[12, 13, 14, 15, 16, 17, 18, 19, 20, 21, 22, 23]",bandit,0.0,955.4,0.0,1.1,0.0,-0.3000,449.6100,0.0772,0.7,0.3
1791087084.31083,35244,Heavy,E-core,"[12, 13, 14, 15, 16, 17, 18, 19, 20, 21, 22, 23]",bandit,0.0,999.8,0.0,1.1,0.0,-0.3000,449.8200,0.0771,0.7,0.3
1791087084.31083,34784,Light,P-core,"[0, 1, 2, 3, 4, 5, 6, 7, 8, 9, 10, 11]",bandit,0.0,8.9,0.0,1.1,1.0,-0.3000,450.0300,0.0406,0.7,0.3
1791087084.31083,41760,Light,P-core,"[0, 1, 2, 3, 4, 5, 6, 7, 8, 9, 10, 11]",bandit,0.0,5.3,0.0,1.1,1.0,-0.3000,450.2400,0.0406,0.7,0.3
1791087084.6884105,42888,Heavy,P-core,"[0, 1, 2, 3, 4, 5, 6, 7, 8, 9, 10, 11]",bandit,0.0,1277.5,0.0,1.1,1.0,-0.0900,78.1200,0.1099,0.7,0.3
1791087084.6884105,35244,Heavy,P-core,"[0, 1, 2, 3, 4, 5, 6, 7, 8, 9, 10, 11]",bandit,0.0,1201.2,0.0,1.1,1.0,-0.0900,78.1200,0.1022,0.7,0.3
1791087084.6884105,34784,Light,P-core,"[0, 1, 2, 3, 4, 5, 6, 7, 8, 9, 10, 11]",bandit,0.0,10.8,0.0,1.1,0.0,-0.0900,78.1200,0.0498,0.7,0.3
1791087084.6884105,41760,Light,P-core,"[0, 1, 2, 3, 4, 5, 6, 7, 8, 9, 10, 11]",bandit,0.0,6.3,0.0,1.1,0.0,-0.0900,78.1200,0.0505,0.7,0.3
1791087085.3036616,42888,Heavy,P-core,"[0, 1, 2, 3, 4, 5, 6, 7, 8, 9, 10, 11]",bandit,0.0,840.6,0.0,1.1,0.0,-0.3000,29.6100,0.2057,0.7,0.3
1791087085.3036616,35244,Heavy,P-core,"[0, 1, 2, 3, 4, 5, 6, 7, 8, 9, 10, 11]",bandit,0.0,807.7,0.0,1.1,0.0,-0.3000,29.8200,0.2004,0.7,0.3
1791087085.3036616,34784,Light,P-core,"[0, 1, 2, 3, 4, 5, 6, 7, 8, 9, 10, 11]",bandit,0.0,2.7,0.0,1.1,0.0,-0.0900,29.8200,0.2018,0.7,0.3
1791087085.3036616,41760,Light,P-core,"[0, 1, 2, 3, 4, 5, 6, 7, 8, 9, 10, 11]",bandit,0.0,3.6,0.0,1.1,0.0,-0.0900,29.8200,0.2004,0.7,0.3
1791087085.4318576,42888,Heavy,E-core,"[12, 13, 14, 15, 16, 17, 18, 19, 20, 21, 22, 23]",bandit,0.0,834.1,0.0,1.1,0.0,-0.0900,450.2400,0.0760,0.7,0.3
1791087085.4318576,35244,Heavy,E-core,"[12, 13, 14, 15, 16, 17, 18, 19, 20, 21, 22, 23]",bandit,0.0,787.7,0.0,1.1,0.0,-0.0900,450.2400,0.0759,0.7,0.3
1791087085.4318576,34784,Light,P-core,"[0, 1, 2, 3, 4, 5, 6, 7, 8, 9, 10, 11]",bandit,0.0,2.7,0.0,1.1,0.0,-0.3000,450.4500,0.0937,0.7,0.3
1791087085.4318576,41760,Light,P-core,"[0, 1, 2, 3, 4, 5, 6, 7, 8, 9, 10, 11]",bandit,0.0,3.6,0.0,1.1,0.0,-0.3000,450.6600,0.0935,0.7,0.3
1791087085.8004165,42888,Heavy,E-core,"[12, 13, 14, 15, 16, 17, 18, 19, 20, 21, 22, 23]",bandit,0.0,749.1,0.0,1.1,1.0,-0.3000,78.3300,0.0885,0.7,0.3
1791087085.8004165,35244,Heavy,E-core,"[12, 13, 14, 15, 16, 17, 18, 19, 20, 21, 22, 23]",bandit,0.0,769.8,0.0,1.1,1.0,-0.3000,78.5400,0.0884,0.7,0.3
1791087085.8004165,34784,Light,P-core,"[0, 1, 2, 3, 4, 5, 6, 7, 8, 9, 10, 11]",bandit,0.0,2.7,0.0,1.1,0.0,-0.3000,78.7500,0.0509,0.7,0.3
1791087085.8004165,41760,Light,P-core,"[0, 1, 2, 3, 4, 5, 6, 7, 8, 9, 10, 11]",bandit,0.0,2.7,0.0,1.1,0.0,-0.3000,78.9600,0.0492,0.7,0.3
1791087086.4400501,42888,Heavy,P-core,"[0, 1, 2, 3, 4, 5, 6, 7, 8, 9, 10, 11]",bandit,0.0,1254.9,0.0,1.1,1.0,-0.3000,30.0300,0.0647,0.7,0.3
1791087086.4400501,35244,Heavy,P-core,"[0, 1, 2, 3, 4, 5, 6, 7, 8, 9, 10, 11]",bandit,0.0,1245.2,0.0,1.1,1.0,-0.3000,30.2400,0.0611,0.7,0.3
1791087086.4400501,34784,Light,E-core,"[12, 13, 14, 15, 16, 17, 18, 19, 20, 21, 22, 23]",bandit,0.0,2.6,0.0,1.1,0.0,-0.3000,30.4500,0.1708,0.7,0.3
1791087086.4400501,41760,Light,E-core,"[12, 13, 14, 15, 16, 17, 18, 19, 20, 21, 22, 23]",bandit,0.0,2.6,0.0,1.1,0.0,-0.3000,30.6600,0.1699,0.7,0.3
1791087086.5502045,42888,Heavy,P-core,"[0, 1, 2, 3, 4, 5, 6, 7, 8, 9, 10, 11]",bandit,0.0,1307.3,0.0,1.1,0.0,-0.0900,450.6600,0.0793,0.7,0.3
1791087086.5502045,35244,Heavy,P-core,"[0, 1, 2, 3, 4, 5, 6, 7, 8, 9, 10, 11]",bandit,0.0,1327.0,0.0,1.1,0.0,-0.0900,450.6600,0.0799,0.7,0.3
1791087086.5502045,34784,Light,P-core,"[0, 1, 2, 3, 4, 5, 6, 7, 8, 9, 10, 11]",bandit,0.0,2.7,0.0,1.1,1.0,-0.3000,450.8700,0.0385,0.7,0.3
1791087086.5502045,41760,Light,P-core,"[0, 1, 2, 3, 4, 5, 6, 7, 8, 9, 10, 11]",bandit,0.0,5.4,0.0,1.1,1.0,-0.3000,451.0800,0.0382,0.7,0.3
1791087086.9211178,42888,Heavy,P-core,"[0, 1, 2, 3, 4, 5, 6, 7, 8, 9, 10, 11]",bandit,0.0,1095.7,0.0,1.1,0.0,-0.0900,78.9600,0.0510,0.7,0.3
1791087086.9211178,35244,Heavy,E-core,"[12, 13, 14, 15, 16, 17, 18, 19, 20, 21, 22, 23]",bandit,0.0,1059.2,0.0,1.1,0.0,-0.0900,78.9600,0.0474,0.7,0.3
1791087086.9211178,34784,Light,E-core,"[12, 13, 14, 15, 16, 17, 18, 19, 20, 21, 22, 23]",bandit,0.0,2.7,0.0,1.1,0.0,-0.3000,79.1700,0.0478,0.7,0.3
1791087086.9211178,41760,Light,E-core,"[12, 13, 14, 15, 16, 17, 18, 19, 20, 21, 22, 23]",bandit,0.0,3.6,0.0,1.1,0.0,-0.3000,79.3800,0.0478,0.7,0.3
1791087087.555405,42888,Heavy,P-core,"[0, 1, 2, 3, 4, 5, 6, 7, 8, 9, 10, 11]",bandit,0.0,606.1,0.0,1.1,0.0,-0.3000,30.8700,0.1891,0.7,0.3
1791087087.555405,35244,Heavy,P-core,"[0, 1, 2, 3, 4, 5, 6, 7, 8, 9, 10, 11]",bandit,0.0,1020.3,0.0,1.1,1.0,-0.3000,31.0800,0.0825,0.7,0.3
1791087087.555405,34784,Light,P-core,"[0, 1, 2, 3, 4, 5, 6, 7, 8, 9, 10, 11]",bandit,0.0,5.4,0.0,1.1,1.0,-0.0900,31.0800,0.0760,0.7,0.3
1791087087.555405,41760,Light,P-core,"[0, 1, 2, 3, 4, 5, 6, 7, 8, 9, 10, 11]",bandit,0.0,6.3,0.0,1.1,1.0,-0.0900,31.0800,0.0757,0.7,0.3
1791087087.670006,42888,Heavy,E-core,"[12, 13, 14, 15, 16, 17, 18, 19, 20, 21, 22, 23]",bandit,0.0,593.0,0.0,1.1,0.0,-0.3000,451.2900,0.0753,0.7,0.3
1791087087.670006,35244,Heavy,E-core,"[12, 13, 14, 15, 16, 17, 18, 19, 20, 21, 22, 23]",bandit,0.0,1002.0,0.0,1.1,0.0,-0.3000,451.5000,0.0752,0.7,0.3
1791087087.670006,34784,Light,P-core,"[0, 1, 2, 3, 4, 5, 6, 7, 8, 9, 10, 11]",bandit,0.0,5.4,0.0,1.1,0.0,-0.3000,451.7100,0.0923,0.7,0.3
1791087087.670006,41760,Light,P-core,"[0, 1, 2, 3, 4, 5, 6, 7, 8, 9, 10, 11]",bandit,0.0,3.6,0.0,1.1,0.0,-0.3000,451.9200,0.0924,0.7,0.3
1791087088.047555,42888,Heavy,E-core,"[12, 13, 14, 15, 16, 17, 18, 19, 20, 21, 22, 23]",bandit,0.0,824.7,0.0,1.1,1.0,-0.3000,79.5900,0.0972,0.7,0.3
1791087088.047555,35244,Heavy,E-core,"[12, 13, 14, 15, 16, 17, 18, 19, 20, 21, 22, 23]",bandit,0.0,1226.0,0.0,1.1,1.0,-0.0900,79.5900,0.0970,0.7,0.3
1791087088.047555,34784,Light,E-core,"[12, 13, 14, 15, 16, 17, 18, 19, 20, 21, 22, 23]",bandit,0.0,6.2,0.0,1.1,0.0,-0.0900,79.5900,0.0510,0.7,0.3
1791087088.047555,41760,Light,E-core,"[12, 13, 14, 15, 16, 17, 18, 19, 20, 21, 22, 23]",bandit,0.0,3.6,0.0,1.1,0.0,-0.0900,79.5900,0.0508,0.7,0.3
1791087088.6808841,42888,Heavy,P-core,"[0, 1, 2, 3, 4, 5, 6, 7, 8, 9, 10, 11]",bandit,0.0,1013.8,0.0,1.1,1.0,-0.3000,31.2900,0.0494,0.7,0.3
1791087088.6808841,35244,Heavy,P-core,"[0, 1, 2, 3, 4, 5, 6, 7, 8, 9, 10, 11]",bandit,0.0,1154.2,0.0,1.1,1.0,-0.3000,31.5000,0.0691,0.7,0.3
1791087088.6808841,34784,Light,P-core,"[0, 1, 2, 3, 4, 5, 6, 7, 8, 9, 10, 11]",bandit,0.0,4.4,0.0,1.1,1.0,-0.3000,31.7100,0.0522,0.7,0.3
1791087088.6808841,41760,Light,P-core,"[0, 1, 2, 3, 4, 5, 6, 7, 8, 9, 10, 11]",bandit,0.0,11.6,0.0,1.1,1.0,-0.3000,31.9200,0.0482,0.7,0.3
1791087088.7922275,42888,Heavy,E-core,"[12, 13, 14, 15, 16, 17, 18, 19, 20, 21, 22, 23]",bandit,0.0,961.5,0.0,1.1,0.0,-0.0900,451.9200,0.0756,0.7,0.3
1791087088.7922275,35244,Heavy,E-core,"[12, 13, 14, 15, 16, 17, 18, 19, 20, 21, 22, 23]",bandit,0.0,1082.7,0.0,1.1,0.0,-0.0900,451.9200,0.0754,0.7,0.3
1791087088.7922275,34784,Light,P-core,"[0, 1, 2, 3, 4, 5, 6, 7, 8, 9, 10, 11]",bandit,0.0,6.2,0.0,1.1,0.0,-0.3000,452.1300,0.0922,0.7,0.3
1791087088.7922275,41760,Light,P-core,"[0, 1, 2, 3, 4, 5, 6, 7, 8, 9, 10, 11]",bandit,0.0,11.6,0.0,1.1,0.0,-0.3000,452.3400,0.0912,0.7,0.3
1791087089.1596348,42888,Heavy,E-core,"[12, 13, 14, 15, 16, 17, 18, 19, 20, 21, 22, 23]",bandit,0.0,944.2,0.0,1.1,1.0,-0.0900,79.5900,0.0868,0.7,0.3
1791087089.1596348,35244,Heavy,E-core,"[12, 13, 14, 15, 16, 17, 18, 19, 20, 21, 22, 23]",bandit,0.0,1012.5,0.0,1.1,1.0,-0.0900,79.5900,0.0863,0.7,0.3
1791087089.1596348,34784,Light,P-core,"[0, 1, 2, 3, 4, 5, 6, 7, 8, 9, 10, 11]",bandit,0.0,3.6,0.0,1.1,0.0,-0.0900,79.5900,0.0460,0.7,0.3
1791087089.1596348,41760,Light,P-core,"[0, 1, 2, 3, 4, 5, 6, 7, 8, 9, 10, 11]",bandit,0.0,12.6,0.0,1.1,0.0,-0.0900,79.5900,0.0445,0.7,0.3
1791087089.84414,42888,Heavy,E-core,"[12, 13, 14, 15, 16, 17, 18, 19, 20, 21, 22, 23]",bandit,0.0,1025.6,0.0,1.2,1.0,-0.3000,32.1300,0.0650,0.7,0.3
1791087089.84414,35244,Heavy,E-core,"[12, 13, 14, 15, 16, 17, 18, 19, 20, 21, 22, 23]",bandit,0.0,901.8,0.0,1.2,1.0,-0.3000,32.3400,0.0649,0.7,0.3
1791087089.84414,34784,Light,E-core,"[12, 13, 14, 15, 16, 17, 18, 19, 20, 21, 22, 23]",bandit,0.0,5.2,0.0,1.2,0.0,-0.3000,32.5500,0.1589,0.7,0.3
1791087089.84414,41760,Light,E-core,"[12, 13, 14, 15, 16, 17, 18, 19, 20, 21, 22, 23]",bandit,0.0,2.6,0.0,1.2,0.0,-0.3000,32.7600,0.1581,0.7,0.3
1791087089.9123478,42888,Heavy,P-core,"[0, 1, 2, 3, 4, 5, 6, 7, 8, 9, 10, 11]",bandit,0.0,1098.1,0.0,1.1,1.0,-0.0900,452.3400,0.0307,0.7,0.3
1791087089.9123478,35244,Heavy,P-core,"[0, 1, 2, 3, 4, 5, 6, 7, 8, 9, 10, 11]",bandit,0.0,1016.9,0.0,1.1,1.0,-0.0900,452.3400,0.0279,0.7,0.3
1791087089.9123478,34784,Light,P-core,"[0, 1, 2, 3, 4, 5, 6, 7, 8, 9, 10, 11]",bandit,0.0,3.6,0.0,1.1,1.0,-0.3000,452.5500,0.0389,0.7,0.3
1791087089.9123478,41760,Light,P-core,"[0, 1, 2, 3, 4, 5, 6, 7, 8, 9, 10, 11]",bandit,0.0,2.7,0.0,1.1,1.0,-0.3000,452.7600,0.0389,0.7,0.3
1791087090.3232539,42888,Heavy,E-core,"[12, 13, 14, 15, 16, 17, 18, 19, 20, 21, 22, 23]",bandit,0.0,839.6,0.0,1.2,0.0,-0.0900,79.5900,0.0748,0.7,0.3
1791087090.3232539,35244,Heavy,E-core,"[12, 13, 14, 15, 16, 17, 18, 19, 20, 21, 22, 23]",bandit,0.0,898.9,0.0,1.2,0.0,-0.0900,79.5900,0.0744,0.7,0.3
1791087090.3232539,34784,Light,E-core,"[12, 13, 14, 15, 16, 17, 18, 19, 20, 21, 22, 23]",bandit,0.0,4.3,0.0,1.2,0.0,-0.3000,79.8000,0.0749,0.7,0.3
1791087090.3232539,41760,Light,E-core,"[12, 13, 14, 15, 16, 17, 18, 19, 20, 21, 22, 23]",bandit,0.0,2.6,0.0,1.2,0.0,-0.3000,80.0100,0.0747,0.7,0.3
1791087090.9562557,42888,Heavy,P-core,"[0, 1, 2, 3, 4, 5, 6, 7, 8, 9, 10, 11]",bandit,0.0,946.8,0.0,1.1,1.0,-0.0900,32.7600,0.0759,0.7,0.3
1791087090.9562557,35244,Heavy,P-core,"[0, 1, 2, 3, 4, 5, 6, 7, 8, 9, 10, 11]",bandit,0.0,1064.6,0.0,1.1,1.0,-0.0900,32.7600,0.0966,0.7,0.3
1791087090.9562557,34784,Light,P-core,"[0, 1, 2, 3, 4, 5, 6, 7, 8, 9, 10, 11]",bandit,0.0,2.7,0.0,1.1,1.0,-0.0900,32.7600,0.0823,0.7,0.3
1791087090.9562557,41760,Light,P-core,"[0, 1, 2, 3, 4, 5, 6, 7, 8, 9, 10, 11]",bandit,0.0,3.6,0.0,1.1,1.0,-0.0900,32.7600,0.0819,0.7,0.3
1791087091.0290139,42888,Heavy,E-core,"[12, 13, 14, 15, 16, 17, 18, 19, 20, 21, 22, 23]",bandit,0.0,917.9,0.0,1.1,0.0,-0.3000,452.9700,0.0739,0.7,0.3
1791087091.0290139,35244,Heavy,E-core,"[12, 13, 14, 15, 16, 17, 18, 19, 20, 21, 22, 23]",bandit,0.0,1005.7,0.0,1.1,0.0,-0.3000,453.1800,0.0739,0.7,0.3
1791087091.0290139,34784,Light,P-core,"[0, 1, 2, 3, 4, 5, 6, 7, 8, 9, 10, 11]",bandit,0.0,2.7,0.0,1.1,0.0,-0.3000,453.3900,0.0906,0.7,0.3
1791087091.0290139,41760,Light,P-core,"[0, 1, 2, 3, 4, 5, 6, 7, 8, 9, 10, 11]",bandit,0.0,3.6,0.0,1.1,0.0,-0.3000,453.6000,0.0905,0.7,0.3
1791087091.441158,42888,Heavy,P-core,"[0, 1, 2, 3, 4, 5, 6, 7, 8, 9, 10, 11]",bandit,0.0,1230.0,0.0,1.1,1.0,-0.0900,80.0100,0.0896,0.7,0.3
1791087091.441158,35244,Heavy,E-core,"[12, 13, 14, 15, 16, 17, 18, 19, 20, 21, 22, 23]",bandit,0.0,1195.1,0.0,1.1,1.0,-0.0900,80.0100,0.0884,0.7,0.3
1791087091.441158,34784,Light,E-core,"[12, 13, 14, 15, 16, 17, 18, 19, 20, 21, 22, 23]",bandit,0.0,2.7,0.0,1.1,0.0,-0.0900,80.0100,0.0434,0.7,0.3
1791087091.441158,41760,Light,E-core,"[12, 13, 14, 15, 16, 17, 18, 19, 20, 21, 22, 23]",bandit,0.0,5.4,0.0,1.1,0.0,-0.0900,80.0100,0.0431,0.7,0.3
1791087092.0815601,42888,Heavy,E-core,"[12, 13, 14, 15, 16, 17, 18, 19, 20, 21, 22, 23]",bandit,0.0,734.9,0.0,1.1,0.0,-0.3000,32.9700,0.1675,0.7,0.3
1791087092.0815601,35244,Heavy,P-core,"[0, 1, 2, 3, 4, 5, 6, 7, 8, 9, 10, 11]",bandit,0.0,1110.8,0.0,1.1,1.0,-0.3000,33.1800,0.0513,0.7,0.3
1791087092.0815601,34784,Light,P-core,"[0, 1, 2, 3, 4, 5, 6, 7, 8, 9, 10, 11]",bandit,0.0,8.0,0.0,1.1,1.0,-0.3000,33.3900,0.0464,0.7,0.3
1791087092.0815601,41760,Light,E-core,"[12, 13, 14, 15, 16, 17, 18, 19, 20, 21, 22, 23]",bandit,0.0,10.7,0.0,1.1,1.0,-0.3000,33.6000,0.0445,0.7,0.3
1791087092.15218,42888,Heavy,E-core,"[12, 13, 14, 15, 16, 17, 18, 19, 20, 21, 22, 23]",bandit,0.0,769.3,0.0,1.1,1.0,-0.0900,453.6000,0.0246,0.7,0.3
1791087092.15218,35244,Heavy,E-core,"[12, 13, 14, 15, 16, 17, 18, 19, 20, 21, 22, 23]",bandit,0.0,1106.7,0.0,1.1,0.0,-0.0900,453.6000,0.0750,0.7,0.3
1791087092.15218,34784,Light,P-core,"[0, 1, 2, 3, 4, 5, 6, 7, 8, 9, 10, 11]",bandit,0.0,8.0,0.0,1.1,0.0,-0.3000,453.8100,0.0909,0.7,0.3
1791087092.15218,41760,Light,P-core,"[0, 1, 2, 3, 4, 5, 6, 7, 8, 9, 10, 11]",bandit,0.0,10.7,0.0,1.1,1.0,-0.3000,454.0200,0.0385,0.7,0.3
1791087092.5697966,42888,Heavy,E-core,"[12, 13, 14, 15, 16, 17, 18, 19, 20, 21, 22, 23]",bandit,0.0,758.4,0.0,1.1,1.0,-0.3000,80.2200,0.0949,0.7,0.3
1791087092.5697966,35244,Heavy,E-core,"[12, 13, 14, 15, 16, 17, 18, 19, 20, 21, 22, 23]",bandit,0.0,1138.5,0.0,1.1,1.0,-0.0900,80.2200,0.0943,0.7,0.3
1791087092.5697966,34784,Light,E-core,"[12, 13, 14, 15, 16, 17, 18, 19, 20, 21, 22, 23]",bandit,0.0,8.0,0.0,1.1,0.0,-0.0900,80.2200,0.0491,0.7,0.3
1791087092.5697966,41760,Light,E-core,"[12, 13, 14, 15, 16, 17, 18, 19, 20, 21, 22, 23]",bandit,0.0,8.9,0.0,1.1,0.0,-0.0900,80.2200,0.0488,0.7,0.3
1791087093.197441,42888,Heavy,P-core,"[0, 1, 2, 3, 4, 5, 6, 7, 8, 9, 10, 11]",bandit,0.0,1157.8,0.0,1.1,1.0,-0.0900,33.6000,0.0946,0.7,0.3
1791087093.197441,35244,Heavy,P-core,"[0, 1, 2, 3, 4, 5, 6, 7, 8, 9, 10, 11]",bandit,0.0,1155.1,0.0,1.1,1.0,-0.3000,33.8100,0.0898,0.7,0.3
1791087093.197441,34784,Light,P-core,"[0, 1, 2, 3, 4, 5, 6, 7, 8, 9, 10, 11]",bandit,0.0,3.6,0.0,1.1,1.0,-0.3000,34.0200,0.0677,0.7,0.3
1791087093.197441,41760,Light,P-core,"[0, 1, 2, 3, 4, 5, 6, 7, 8, 9, 10, 11]",bandit,0.0,9.0,0.0,1.1,1.0,-0.0900,34.0200,0.0664,0.7,0.3
1791087093.2822323,42888,Heavy,E-core,"[12, 13, 14, 15, 16, 17, 18, 19, 20, 21, 22, 23]",bandit,0.0,1106.1,0.0,1.1,0.0,-0.0900,454.0200,0.0766,0.7,0.3
1791087093.2822323,35244,Heavy,E-core,"[12, 13, 14, 15, 16, 17, 18, 19, 20, 21, 22, 23]",bandit,0.0,1143.3,0.0,1.1,0.0,-0.0900,454.0200,0.0764,0.7,0.3
1791087093.2822323,34784,Light,P-core,"[0, 1, 2, 3, 4, 5, 6, 7, 8, 9, 10, 11]",bandit,0.0,3.5,0.0,1.1,0.0,-0.3000,454.2300,0.0917,0.7,0.3
1791087093.2822323,41760,Light,P-core,"[0, 1, 2, 3, 4, 5, 6, 7, 8, 9, 10, 11]",bandit,0.0,8.8,0.0,1.1,0.0,-0.3000,454.4400,0.0912,0.7,0.3
1791087093.6958084,42888,Heavy,E-core,"[12, 13, 14, 15, 16, 17, 18, 19, 20, 21, 22, 23]",bandit,0.0,982.2,0.0,1.1,1.0,-0.0900,80.2200,0.0919,0.7,0.3
1791087093.6958084,35244,Heavy,E-core,"[12, 13, 14, 15, 16, 17, 18, 19, 20, 21, 22, 23]",bandit,0.0,1016.9,0.0,1.1,1.0,-0.0900,80.2200,0.0914,0.7,0.3
1791087093.6958084,34784,Light,E-core,"[12, 13, 14, 15, 16, 17, 18, 19, 20, 21, 22, 23]",bandit,0.0,4.4,0.0,1.1,0.0,-0.0900,80.2200,0.0468,0.7,0.3
1791087093.6958084,41760,Light,E-core,"[12, 13, 14, 15, 16, 17, 18, 19, 20, 21, 22, 23]",bandit,0.0,8.0,0.0,1.1,0.0,-0.0900,80.2200,0.0465,0.7,0.3
1791087094.3301563,42888,Heavy,E-core,"[12, 13, 14, 15, 16, 17, 18, 19, 20, 21, 22, 23]",bandit,0.0,952.6,0.0,1.1,1.0,-0.3000,34.2300,0.0453,0.7,0.3
1791087094.3301563,35244,Heavy,E-core,"[12, 13, 14, 15, 16, 17, 18, 19, 20, 21, 22, 23]",bandit,0.0,912.9,0.0,1.1,1.0,-0.3000,34.4400,0.0453,0.7,0.3
1791087094.3301563,34784,Light,E-core,"[12, 13, 14, 15, 16, 17, 18, 19, 20, 21, 22, 23]",bandit,0.0,3.5,0.0,1.1,1.0,-0.3000,34.6500,0.0461,0.7,0.3
1791087094.3301563,41760,Light,E-core,"[12, 13, 14, 15, 16, 17, 18, 19, 20, 21, 22, 23]",bandit,0.0,16.8,0.0,1.1,1.0,-0.3000,34.8600,0.0460,0.7,0.3
1791087094.4130123,42888,Heavy,P-core,"[0, 1, 2, 3, 4, 5, 6, 7, 8, 9, 10, 11]",bandit,0.0,996.7,0.0,1.1,1.0,-0.0900,454.4400,0.0289,0.7,0.3
1791087094.4130123,35244,Heavy,P-core,"[0, 1, 2, 3, 4, 5, 6, 7, 8, 9, 10, 11]",bandit,0.0,978.1,0.0,1.1,1.0,-0.0900,454.4400,0.0283,0.7,0.3
1791087094.4130123,34784,Light,P-core,"[0, 1, 2, 3, 4, 5, 6, 7, 8, 9, 10, 11]",bandit,0.0,11.5,0.0,1.1,1.0,-0.3000,454.6500,0.0401,0.7,0.3
1791087094.4130123,41760,Light,P-core,"[0, 1, 2, 3, 4, 5, 6, 7, 8, 9, 10, 11]",bandit,0.0,16.8,0.0,1.1,1.0,-0.3000,454.8600,0.0396,0.7,0.3
1791087094.8143632,42888,Heavy,E-core,"[12, 13, 14, 15, 16, 17, 18, 19, 20, 21, 22, 23]",bandit,0.0,849.3,0.0,1.1,0.0,-0.0900,80.2200,0.0416,0.7,0.3
1791087094.8143632,35244,Heavy,E-core,"[12, 13, 14, 15, 16, 17, 18, 19, 20, 21, 22, 23]",bandit,0.0,829.6,0.0,1.1,0.0,-0.0900,80.2200,0.0415,0.7,0.3
1791087094.8143632,34784,Light,E-core,"[12, 13, 14, 15, 16, 17, 18, 19, 20, 21, 22, 23]",bandit,0.0,9.8,0.0,1.1,0.0,-0.0900,80.2200,0.0419,0.7,0.3
1791087094.8143632,41760,Light,E-core,"[12, 13, 14, 15, 16, 17, 18, 19, 20, 21, 22, 23]",bandit,0.0,18.8,0.0,1.1,0.0,-0.0900,80.2200,0.0417,0.7,0.3
1791087095.4552772,42888,Heavy,E-core,"[12, 13, 14, 15, 16, 17, 18, 19, 20, 21, 22, 23]",bandit,0.0,988.3,0.0,1.1,1.0,-0.0900,34.8600,0.0427,0.7,0.3
1791087095.4552772,35244,Heavy,E-core,"[12, 13, 14, 15, 16, 17, 18, 19, 20, 21, 22, 23]",bandit,0.0,1032.8,0.0,1.1,1.0,-0.0900,34.8600,0.0424,0.7,0.3
1791087095.4552772,34784,Light,E-core,"[12, 13, 14, 15, 16, 17, 18, 19, 20, 21, 22, 23]",bandit,0.0,11.6,0.0,1.1,1.0,-0.0900,34.8600,0.0429,0.7,0.3
1791087095.4552772,41760,Light,E-core,"[12, 13, 14, 15, 16, 17, 18, 19, 20, 21, 22, 23]",bandit,0.0,9.8,0.0,1.1,1.0,-0.0900,34.8600,0.0426,0.7,0.3
1791087095.5355732,42888,Heavy,P-core,"[0, 1, 2, 3, 4, 5, 6, 7, 8, 9, 10, 11]",bandit,0.0,995.9,0.0,1.1,1.0,-0.3000,455.0700,0.0276,0.7,0.3
1791087095.5355732,35244,Heavy,P-core,"[0, 1, 2, 3, 4, 5, 6, 7, 8, 9, 10, 11]",bandit,0.0,1018.2,0.0,1.1,1.0,-0.3000,455.2800,0.0276,0.7,0.3
1791087095.5355732,34784,Light,P-core,"[0, 1, 2, 3, 4, 5, 6, 7, 8, 9, 10, 11]",bandit,0.0,3.6,0.0,1.1,1.0,-0.3000,455.4900,0.0385,0.7,0.3
1791087095.5355732,41760,Light,P-core,"[0, 1, 2, 3, 4, 5, 6, 7, 8, 9, 10, 11]",bandit,0.0,9.8,0.0,1.1,1.0,-0.3000,455.7000,0.0376,0.7,0.3
1791087095.9321983,42888,Heavy,E-core,"[12, 13, 14, 15, 16, 17, 18, 19, 20, 21, 22, 23]",bandit,0.0,1017.1,0.0,1.1,0.0,-0.0900,80.2200,0.0407,0.7,0.3
1791087095.9321983,35244,Heavy,E-core,"[12, 13, 14, 15, 16, 17, 18, 19, 20, 21, 22, 23]",bandit,0.0,1016.3,0.0,1.1,0.0,-0.0900,80.2200,0.0405,0.7,0.3
1791087095.9321983,34784,Light,P-core,"[0, 1, 2, 3, 4, 5, 6, 7, 8, 9, 10, 11]",bandit,0.0,5.4,0.0,1.1,0.0,-0.0900,80.2200,0.0414,0.7,0.3
1791087095.9321983,41760,Light,P-core,"[0, 1, 2, 3, 4, 5, 6, 7, 8, 9, 10, 11]",bandit,0.0,9.8,0.0,1.1,0.0,-0.0900,80.2200,0.0407,0.7,0.3
1791087096.5841293,42888,Heavy,E-core,"[12, 13, 14, 15, 16, 17, 18, 19, 20, 21, 22, 23]",bandit,0.0,981.5,0.0,1.1,1.0,-0.0900,34.8600,0.0423,0.7,0.3
1791087096.5841293,35244,Heavy,E-core,"[12, 13, 14, 15, 16, 17, 18, 19, 20, 21, 22, 23]",bandit,0.0,938.1,0.0,1.1,1.0,-0.0900,34.8600,0.0421,0.7,0.3
1791087096.5841293,34784,Light,P-core,"[0, 1, 2, 3, 4, 5, 6, 7, 8, 9, 10, 11]",bandit,0.0,3.5,0.0,1.1,0.0,-0.0900,34.8600,0.1758,0.7,0.3
1791087096.5841293,41760,Light,P-core,"[0, 1, 2, 3, 4, 5, 6, 7, 8, 9, 10, 11]",bandit,0.0,2.7,0.0,1.1,0.0,-0.0900,34.8600,0.1749,0.7,0.3
1791087096.6617537,42888,Heavy,P-core,"[0, 1, 2, 3, 4, 5, 6, 7, 8, 9, 10, 11]",bandit,0.0,965.2,0.0,1.1,1.0,-0.3000,455.9100,0.0257,0.7,0.3
1791087096.6617537,35244,Heavy,E-core,"[12, 13, 14, 15, 16, 17, 18, 19, 20, 21, 22, 23]",bandit,0.0,923.5,0.0,1.1,1.0,-0.3000,456.1200,0.0255,0.7,0.3
1791087096.6617537,34784,Light,P-core,"[0, 1, 2, 3, 4, 5, 6, 7, 8, 9, 10, 11]",bandit,0.0,3.6,0.0,1.1,0.0,-0.3000,456.3300,0.0910,0.7,0.3
1791087096.6617537,41760,Light,P-core,"[0, 1, 2, 3, 4, 5, 6, 7, 8, 9, 10, 11]",bandit,0.0,2.7,0.0,1.1,0.0,-0.3000,456.5400,0.0910,0.7,0.3
1791087097.0539284,42888,Heavy,E-core,"[12, 13, 14, 15, 16, 17, 18, 19, 20, 21, 22, 23]",bandit,0.0,935.2,0.0,1.1,0.0,-0.0900,80.2200,0.0420,0.7,0.3
1791087097.0539284,35244,Heavy,E-core,"[12, 13, 14, 15, 16, 17, 18, 19, 20, 21, 22, 23]",bandit,0.0,1193.7,0.0,1.1,1.0,-0.0900,80.2200,0.0872,0.7,0.3
1791087097.0539284,34784,Light,E-core,"[12, 13, 14, 15, 16, 17, 18, 19, 20, 21, 22, 23]",bandit,0.0,3.6,0.0,1.1,0.0,-0.3000,80.4300,0.0423,0.7,0.3
1791087097.0539284,41760,Light,E-core,"[12, 13, 14, 15, 16, 17, 18, 19, 20, 21, 22, 23]",bandit,0.0,2.7,0.0,1.1,0.0,-0.3000,80.6400,0.0423,0.7,0.3
1791087097.712939,42888,Heavy,E-core,"[12, 13, 14, 15, 16, 17, 18, 19, 20, 21, 22, 23]",bandit,0.0,934.6,0.0,1.1,1.0,-0.0900,34.8600,0.0417,0.7,0.3
1791087097.712939,35244,Heavy,P-core,"[0, 1, 2, 3, 4, 5, 6, 7, 8, 9, 10, 11]",bandit,0.0,1281.9,0.0,1.1,1.0,-0.0900,34.8600,0.0582,0.7,0.3
1791087097.712939,34784,Light,E-core,"[12, 13, 14, 15, 16, 17, 18, 19, 20, 21, 22, 23]",bandit,0.0,14.2,0.0,1.1,1.0,-0.3000,35.0700,0.0422,0.7,0.3
1791087097.712939,41760,Light,E-core,"[12, 13, 14, 15, 16, 17, 18, 19, 20, 21, 22, 23]",bandit,0.0,2.7,0.0,1.1,1.0,-0.3000,35.2800,0.0421,0.7,0.3
1791087097.7868514,42888,Heavy,E-core,"[12, 13, 14, 15, 16, 17, 18, 19, 20, 21, 22, 23]",bandit,0.0,943.0,0.0,1.1,1.0,-0.3000,456.7500,0.0252,0.7,0.3
1791087097.7868514,35244,Heavy,E-core,"[12, 13, 14, 15, 16, 17, 18, 19, 20, 21, 22, 23]",bandit,0.0,1248.8,0.0,1.1,0.0,-0.0900,456.7500,0.0750,0.7,0.3
1791087097.7868514,34784,Light,P-core,"[0, 1, 2, 3, 4, 5, 6, 7, 8, 9, 10, 11]",bandit,0.0,14.2,0.0,1.1,1.0,-0.3000,456.9600,0.0374,0.7,0.3
1791087097.7868514,41760,Light,P-core,"[0, 1, 2, 3, 4, 5, 6, 7, 8, 9, 10, 11]",bandit,0.0,3.6,0.0,1.1,1.0,-0.3000,457.1700,0.0383,0.7,0.3
1791087098.1709473,42888,Heavy,E-core,"[12, 13, 14, 15, 16, 17, 18, 19, 20, 21, 22, 23]",bandit,0.0,1161.1,0.0,1.1,1.0,-0.0900,80.6400,0.0843,0.7,0.3
1791087098.1709473,35244,Heavy,P-core,"[0, 1, 2, 3, 4, 5, 6, 7, 8, 9, 10, 11]",bandit,0.0,1227.4,0.0,1.1,1.0,-0.0900,80.6400,0.0844,0.7,0.3
1791087098.1709473,34784,Light,E-core,"[12, 13, 14, 15, 16, 17, 18, 19, 20, 21, 22, 23]",bandit,0.0,14.3,0.0,1.1,0.0,-0.0900,80.6400,0.0394,0.7,0.3
1791087098.1709473,41760,Light,E-core,"[12, 13, 14, 15, 16, 17, 18, 19, 20, 21, 22, 23]",bandit,0.0,2.7,0.0,1.1,0.0,-0.0900,80.6400,0.0392,0.7,0.3
1791087098.8405278,42888,Heavy,P-core,"[0, 1, 2, 3, 4, 5, 6, 7, 8, 9, 10, 11]",bandit,0.0,1153.8,0.0,1.1,1.0,-0.0900,35.2800,0.0461,0.7,0.3
1791087098.8405278,35244,Heavy,E-core,"[12, 13, 14, 15, 16, 17, 18, 19, 20, 21, 22, 23]",bandit,0.0,581.8,0.0,1.1,0.0,-0.3000,35.4900,0.1690,0.7,0.3
1791087098.8405278,34784,Light,E-core,"[12, 13, 14, 15, 16, 17, 18, 19, 20, 21, 22, 23]",bandit,0.0,2.7,0.0,1.1,1.0,-0.0900,35.4900,0.0415,0.7,0.3
1791087098.8405278,41760,Light,E-core,"[12, 13, 14, 15, 16, 17, 18, 19, 20, 21, 22, 23]",bandit,0.0,8.9,0.0,1.1,1.0,-0.0900,35.4900,0.0412,0.7,0.3
1791087098.9110317,42888,Heavy,E-core,"[12, 13, 14, 15, 16, 17, 18, 19, 20, 21, 22, 23]",bandit,0.0,1108.4,0.0,1.1,0.0,-0.0900,457.1700,0.0748,0.7,0.3
1791087098.9110317,35244,Heavy,E-core,"[12, 13, 14, 15, 16, 17, 18, 19, 20, 21, 22, 23]",bandit,0.0,604.9,0.0,1.1,1.0,-0.0900,457.1700,0.0248,0.7,0.3
1791087098.9110317,34784,Light,P-core,"[0, 1, 2, 3, 4, 5, 6, 7, 8, 9, 10, 11]",bandit,0.0,2.7,0.0,1.1,1.0,-0.3000,457.3800,0.0379,0.7,0.3
1791087098.9110317,41760,Light,P-core,"[0, 1, 2, 3, 4, 5, 6, 7, 8, 9, 10, 11]",bandit,0.0,8.0,0.0,1.1,1.0,-0.3000,457.5900,0.0372,0.7,0.3
1791087099.328484,42888,Heavy,E-core,"[12, 13, 14, 15, 16, 17, 18, 19, 20, 21, 22, 23]",bandit,0.0,1152.4,0.0,1.2,1.0,-0.0900,80.6400,0.1079,0.7,0.3
1791087099.328484,35244,Heavy,E-core,"[12, 13, 14, 15, 16, 17, 18, 19, 20, 21, 22, 23]",bandit,0.0,526.1,0.0,1.2,1.0,-0.3000,80.8500,0.1080,0.7,0.3
1791087099.328484,34784,Light,E-core,"[12, 13, 14, 15, 16, 17, 18, 19, 20, 21, 22, 23]",bandit,0.0,2.6,0.0,1.2,0.0,-0.0900,80.8500,0.0623,0.7,0.3
1791087099.328484,41760,Light,E-core,"[12, 13, 14, 15, 16, 17, 18, 19, 20, 21, 22, 23]",bandit,0.0,7.8,0.0,1.2,0.0,-0.0900,80.8500,0.0620,0.7,0.3
1791087100.003191,42888,Heavy,E-core,"[12, 13, 14, 15, 16, 17, 18, 19, 20, 21, 22, 23]",bandit,0.0,1073.4,0.0,1.2,1.0,-0.3000,35.7000,0.0574,0.7,0.3
1791087100.003191,35244,Heavy,E-core,"[12, 13, 14, 15, 16, 17, 18, 19, 20, 21, 22, 23]",bandit,0.0,1069.1,0.0,1.2,1.0,-0.0900,35.7000,0.0574,0.7,0.3
1791087100.003191,34784,Light,E-core,"[12, 13, 14, 15, 16, 17, 18, 19, 20, 21, 22, 23]",bandit,0.0,7.7,0.0,1.2,1.0,-0.0900,35.7000,0.0579,0.7,0.3
1791087100.003191,41760,Light,E-core,"[12, 13, 14, 15, 16, 17, 18, 19, 20, 21, 22, 23]",bandit,0.0,2.6,0.0,1.2,1.0,-0.0900,35.7000,0.0575,0.7,0.3
1791087100.0400841,42888,Heavy,P-core,"[0, 1, 2, 3, 4, 5, 6, 7, 8, 9, 10, 11]",bandit,0.0,1111.6,0.0,1.1,1.0,-0.0900,457.5900,0.0300,0.7,0.3
1791087100.0400841,35244,Heavy,P-core,"[0, 1, 2, 3, 4, 5, 6, 7, 8, 9, 10, 11]",bandit,0.0,1102.7,0.0,1.1,1.0,-0.0900,457.5900,0.0297,0.7,0.3
1791087100.0400841,34784,Light,P-core,"[0, 1, 2, 3, 4, 5, 6, 7, 8, 9, 10, 11]",bandit,0.0,8.0,0.0,1.1,1.0,-0.3000,457.8000,0.0381,0.7,0.3
1791087100.0400841,41760,Light,P-core,"[0, 1, 2, 3, 4, 5, 6, 7, 8, 9, 10, 11]",bandit,0.0,2.7,0.0,1.1,1.0,-0.3000,458.0100,0.0383,0.7,0.3
1791087100.4649155,42888,Heavy,E-core,"[12, 13, 14, 15, 16, 17, 18, 19, 20, 21, 22, 23]",bandit,0.0,951.2,0.0,1.1,0.0,-0.0900,80.8500,0.0483,0.7,0.3
1791087100.4649155,35244,Heavy,E-core,"[12, 13, 14, 15, 16, 17, 18, 19, 20, 21, 22, 23]",bandit,0.0,1064.7,0.0,1.1,0.0,-0.0900,80.8500,0.0481,0.7,0.3
1791087100.4649155,34784,Light,E-core,"[12, 13, 14, 15, 16, 17, 18, 19, 20, 21, 22, 23]",bandit,0.0,7.0,0.0,1.1,0.0,-0.0900,80.8500,0.0483,0.7,0.3
1791087100.4649155,41760,Light,E-core,"[12, 13, 14, 15, 16, 17, 18, 19, 20, 21, 22, 23]",bandit,0.0,7.9,0.0,1.1,0.0,-0.0900,80.8500,0.0480,0.7,0.3
1791087101.1288364,42888,Heavy,E-core,"[12, 13, 14, 15, 16, 17, 18, 19, 20, 21, 22, 23]",bandit,0.0,923.0,0.0,1.1,1.0,-0.0900,35.7000,0.0392,0.7,0.3
1791087101.1288364,35244,Heavy,E-core,"[12, 13, 14, 15, 16, 17, 18, 19, 20, 21, 22, 23]",bandit,0.0,1011.0,0.0,1.1,1.0,-0.0900,35.7000,0.0389,0.7,0.3
1791087101.1288364,34784,Light,P-core,"[0, 1, 2, 3, 4, 5, 6, 7, 8, 9, 10, 11]",bandit,0.0,3.6,0.0,1.1,1.0,-0.0900,35.7000,0.0441,0.7,0.3
1791087101.1288364,41760,Light,P-core,"[0, 1, 2, 3, 4, 5, 6, 7, 8, 9, 10, 11]",bandit,0.0,13.3,0.0,1.1,1.0,-0.0900,35.7000,0.0421,0.7,0.3
1791087101.1704626,42888,Heavy,E-core,"[12, 13, 14, 15, 16, 17, 18, 19, 20, 21, 22, 23]",bandit,0.0,936.0,0.0,1.1,1.0,-0.3000,458.2200,0.0266,0.7,0.3
1791087101.1704626,35244,Heavy,E-core,"[12, 13, 14, 15, 16, 17, 18, 19, 20, 21, 22, 23]",bandit,0.0,971.4,0.0,1.1,1.0,-0.3000,458.4300,0.0266,0.7,0.3
1791087101.1704626,34784,Light,P-core,"[0, 1, 2, 3, 4, 5, 6, 7, 8, 9, 10, 11]",bandit,0.0,3.5,0.0,1.1,0.0,-0.3000,458.6400,0.0915,0.7,0.3
1791087101.1704626,41760,Light,P-core,"[0, 1, 2, 3, 4, 5, 6, 7, 8, 9, 10, 11]",bandit,0.0,13.3,0.0,1.1,0.0,-0.3000,458.8500,0.0905,0.7,0.3
1791087101.5901248,42888,Heavy,E-core,"[12, 13, 14, 15, 16, 17, 18, 19, 20, 21, 22, 23]",bandit,0.0,1038.9,0.0,1.1,1.0,-0.0900,80.8500,0.0861,0.7,0.3
1791087101.5901248,35244,Heavy,E-core,"[12, 13, 14, 15, 16, 17, 18, 19, 20, 21, 22, 23]",bandit,0.0,1042.5,0.0,1.1,1.0,-0.0900,80.8500,0.0859,0.7,0.3
1791087101.5901248,34784,Light,E-core,"[12, 13, 14, 15, 16, 17, 18, 19, 20, 21, 22, 23]",bandit,0.0,4.4,0.0,1.1,0.0,-0.0900,80.8500,0.0413,0.7,0.3
1791087101.5901248,41760,Light,E-core,"[12, 13, 14, 15, 16, 17, 18, 19, 20, 21, 22, 23]",bandit,0.0,8.0,0.0,1.1,0.0,-0.0900,80.8500,0.0411,0.7,0.3
1791087102.2881985,42888,Heavy,E-core,"[12, 13, 14, 15, 16, 17, 18, 19, 20, 21, 22, 23]",bandit,0.0,1023.0,0.0,1.2,1.0,-0.0900,35.7000,0.0516,0.7,0.3
1791087102.2881985,35244,Heavy,E-core,"[12, 13, 14, 15, 16, 17, 18, 19, 20, 21, 22, 23]",bandit,0.0,977.3,0.0,1.2,1.0,-0.0900,35.7000,0.0512,0.7,0.3
1791087102.2881985,34784,Light,E-core,"[12, 13, 14, 15, 16, 17, 18, 19, 20, 21, 22, 23]",bandit,0.0,4.3,0.0,1.2,1.0,-0.3000,35.9100,0.0521,0.7,0.3
1791087102.2881985,41760,Light,E-core,"[12, 13, 14, 15, 16, 17, 18, 19, 20, 21, 22, 23]",bandit,0.0,10.4,0.0,1.2,1.0,-0.3000,36.1200,0.0520,0.7,0.3
1791087102.319117,42888,Heavy,E-core,"[12, 13, 14, 15, 16, 17, 18, 19, 20, 21, 22, 23]",bandit,0.0,1027.3,0.0,1.1,1.0,-0.0900,458.8500,0.0321,0.7,0.3
1791087102.319117,35244,Heavy,E-core,"[12, 13, 14, 15, 16, 17, 18, 19, 20, 21, 22, 23]",bandit,0.0,1019.5,0.0,1.1,1.0,-0.0900,458.8500,0.0320,0.7,0.3
1791087102.319117,34784,Light,P-core,"[0, 1, 2, 3, 4, 5, 6, 7, 8, 9, 10, 11]",bandit,0.0,4.4,0.0,1.1,1.0,-0.3000,459.0600,0.0425,0.7,0.3
1791087102.319117,41760,Light,P-core,"[0, 1, 2, 3, 4, 5, 6, 7, 8, 9, 10, 11]",bandit,0.0,10.4,0.0,1.1,1.0,-0.3000,459.2700,0.0420,0.7,0.3
1791087102.7339635,42888,Heavy,E-core,"[12, 13, 14, 15, 16, 17, 18, 19, 20, 21, 22, 23]",bandit,0.0,1133.0,0.0,1.1,1.0,-0.0900,80.8500,0.0958,0.7,0.3
1791087102.7339635,35244,Heavy,E-core,"[12, 13, 14, 15, 16, 17, 18, 19, 20, 21, 22, 23]",bandit,0.0,1145.3,0.0,1.1,1.0,-0.0900,80.8500,0.0953,0.7,0.3
1791087102.7339635,34784,Light,E-core,"[12, 13, 14, 15, 16, 17, 18, 19, 20, 21, 22, 23]",bandit,0.0,3.5,0.0,1.1,0.0,-0.0900,80.8500,0.0506,0.7,0.3
1791087102.7339635,41760,Light,E-core,"[12, 13, 14, 15, 16, 17, 18, 19, 20, 21, 22, 23]",bandit,0.0,10.5,0.0,1.1,0.0,-0.0900,80.8500,0.0504,0.7,0.3
1791087103.4265869,42888,Heavy,E-core,"[12, 13, 14, 15, 16, 17, 18, 19, 20, 21, 22, 23]",bandit,0.0,1164.8,0.0,1.1,1.0,-0.0900,36.1200,0.0401,0.7,0.3
1791087103.4265869,35244,Heavy,E-core,"[12, 13, 14, 15, 16, 17, 18, 19, 20, 21, 22, 23]",bandit,0.0,1168.3,0.0,1.1,1.0,-0.0900,36.1200,0.0398,0.7,0.3
1791087103.4265869,34784,Light,E-core,"[12, 13, 14, 15, 16, 17, 18, 19, 20, 21, 22, 23]",bandit,0.0,3.5,0.0,1.1,1.0,-0.0900,36.1200,0.0402,0.7,0.3
1791087103.4265869,41760,Light,E-core,"[12, 13, 14, 15, 16, 17, 18, 19, 20, 21, 22, 23]",bandit,0.0,3.5,0.0,1.1,1.0,-0.0900,36.1200,0.0399,0.7,0.3
