timestamp,pid,true_type,action,assigned_cores,decision_source,cpu_percent,vol_ctx_rate,invol_ctx_rate,time_since_switch,current_core_assignment,reward,cumulative_regret,confidence_ucb,alpha_param,beta_param
1791088053.5296721,42888,Heavy,E-core,"[12, 13, 14, 15, 16, 17, 18, 19, 20, 21, 22, 23]",bandit,0.0,460.2,0.0,1.1,0.0,-0.3000,796.1100,0.0467,0.7,0.3
1791088053.5296721,35244,Heavy,E-core,"[12, 13, 14, 15, 16, 17, 18, 19, 20, 21, 22, 23]",bandit,0.0,389.4,0.0,1.1,0.0,-0.3000,796.3200,0.0468,0.7,0.3
1791088053.5296721,34784,Light,P-core,"[0, 1, 2, 3, 4, 5, 6, 7, 8, 9, 10, 11]",bandit,0.0,2.8,0.0,1.1,0.0,-0.3000,796.5300,0.0501,0.7,0.3
1791088053.5296721,41760,Light,P-core,"[0, 1, 2, 3, 4, 5, 6, 7, 8, 9, 10, 11]",bandit,0.0,2.8,0.0,1.1,0.0,-0.3000,796.7400,0.0499,0.7,0.3
1791088053.925734,42888,Heavy,E-core,"[12, 13, 14, 15, 16, 17, 18, 19, 20, 21, 22, 23]",bandit,0.0,736.2,0.0,1.1,1.0,-0.3000,334.5300,0.0019,0.7,0.3
1791088053.925734,35244,Heavy,E-core,"[12, 13, 14, 15, 16, 17, 18, 19, 20, 21, 22, 23]",bandit,0.0,553.1,0.0,1.1,1.0,-0.3000,334.7400,0.0020,0.7,0.3
1791088053.925734,34784,Light,E-core,"[12, 13, 14, 15, 16, 17, 18, 19, 20, 21, 22, 23]",bandit,0.0,3.6,0.0,1.1,0.0,-0.3000,334.9500,0.0197,0.7,0.3
1791088053.925734,41760,Light,E-core,"[12, 13, 14, 15, 16, 17, 18, 19, 20, 21, 22, 23]",bandit,0.0,3.6,0.0,1.1,0.0,-0.3000,335.1600,0.0197,0.7,0.3
1791088054.6072648,42888,Heavy,P-core,"[0, 1, 2, 3, 4, 5, 6, 7, 8, 9, 10, 11]",bandit,0.0,1244.4,0.0,1.1,1.0,-0.0900,796.7400,0.0186,0.7,0.3
1791088054.6072648,35244,Heavy,P-core,"[0, 1, 2, 3, 4, 5, 6, 7, 8, 9, 10, 11]",bandit,0.0,1135.9,0.0,1.1,1.0,-0.0900,796.7400,0.0154,0.7,0.3
1791088054.6072648,34784,Light,P-core,"[0, 1, 2, 3, 4, 5, 6, 7, 8, 9, 10, 11]",bandit,0.0,4.6,0.0,1.1,1.0,-0.3000,796.9500,0.0154,0.7,0.3
1791088054.6072648,41760,Light,P-core,"[0, 1, 2, 3, 4, 5, 6, 7, 8, 9, 10, 11]",bandit,0.0,5.6,0.0,1.1,1.0,-0.3000,797.1600,0.0154,0.7,0.3
1791088055.0187426,42888,Heavy,P-core,"[0, 1, 2, 3, 4, 5, 6, 7, 8, 9, 10, 11]",bandit,0.0,912.2,0.0,1.1,0.0,-0.0900,335.1600,0.0452,0.7,0.3
1791088055.0187426,35244,Heavy,P-core,"[0, 1, 2, 3, 4, 5, 6, 7, 8, 9, 10, 11]",bandit,0.0,994.5,0.0,1.1,0.0,-0.0900,335.1600,0.0505,0.7,0.3
1791088055.0187426,34784,Light,E-core,"[12, 13, 14, 15, 16, 17, 18, 19, 20, 21, 22, 23]",bandit,0.0,4.6,0.0,1.1,0.0,-0.0900,335.1600,0.0240,0.7,0.3
1791088055.0187426,41760,Light,E-core,"[12, 13, 14, 15, 16, 17, 18, 19, 20, 21, 22, 23]",bandit,0.0,5.5,0.0,1.1,0.0,-0.0900,335.1600,0.0240,0.7,0.3
1791088055.689659,42888,Heavy,P-core,"[0, 1, 2, 3, 4, 5, 6, 7, 8, 9, 10, 11]",bandit,0.0,335.4,0.0,1.1,0.0,-0.3000,797.3700,0.0485,0.7,0.3
1791088055.689659,35244,Heavy,E-core,"[12, 13, 14, 15, 16, 17, 18, 19, 20, 21, 22, 23]",bandit,0.0,474.9,0.0,1.1,0.0,-0.3000,797.5800,0.0481,0.7,0.3
1791088055.689659,34784,Light,P-core,"[0, 1, 2, 3, 4, 5, 6, 7, 8, 9, 10, 11]",bandit,0.0,2.8,0.0,1.1,1.0,-0.3000,797.7900,0.0120,0.7,0.3
1791088055.689659,41760,Light,P-core,"[0, 1, 2, 3, 4, 5, 6, 7, 8, 9, 10, 11]",bandit,0.0,7.4,0.0,1.1,1.0,-0.3000,798.0000,0.0117,0.7,0.3
1791088056.1126394,42888,Heavy,E-core,"[12, 13, 14, 15, 16, 17, 18, 19, 20, 21, 22, 23]",bandit,0.0,317.2,0.0,1.1,0.0,-0.3000,335.3700,0.0229,0.7,0.3
1791088056.1126394,35244,Heavy,E-core,"[12, 13, 14, 15, 16, 17, 18, 19, 20, 21, 22, 23]",bandit,0.0,722.2,0.0,1.1,1.0,-0.3000,335.5800,0.0052,0.7,0.3
1791088056.1126394,34784,Light,E-core,"[12, 13, 14, 15, 16, 17, 18, 19, 20, 21, 22, 23]",bandit,0.0,5.5,0.0,1.1,0.0,-0.0900,335.5800,0.0231,0.7,0.3
1791088056.1126394,41760,Light,E-core,"[12, 13, 14, 15, 16, 17, 18, 19, 20, 21, 22, 23]",bandit,0.0,11.9,0.0,1.1,0.0,-0.0900,335.5800,0.0230,0.7,0.3
1791088056.7715404,42888,Heavy,P-core,"[0, 1, 2, 3, 4, 5, 6, 7, 8, 9, 10, 11]",bandit,0.0,953.0,0.0,1.1,1.0,-0.3000,798.2100,0.0073,0.7,0.3
1791088056.7715404,35244,Heavy,P-core,"[0, 1, 2, 3, 4, 5, 6, 7, 8, 9, 10, 11]",bandit,0.0,1297.7,0.0,1.1,1.0,-0.0900,798.2100,0.0170,0.7,0.3
1791088056.7715404,34784,Light,P-core,"[0, 1, 2, 3, 4, 5, 6, 7, 8, 9, 10, 11]",bandit,0.0,12.9,0.0,1.1,1.0,-0.3000,798.4200,0.0119,0.7,0.3
1791088056.7715404,41760,Light,P-core,"[0, 1, 2, 3, 4, 5, 6, 7, 8, 9, 10, 11]",bandit,0.0,9.2,0.0,1.1,1.0,-0.3000,798.6300,0.0119,0.7,0.3
1791088057.2097056,42888,Heavy,P-core,"[0, 1, 2, 3, 4, 5, 6, 7, 8, 9, 10, 11]",bandit,0.0,1049.2,0.0,1.1,0.0,-0.0900,335.5800,0.0359,0.7,0.3
1791088057.2097056,35244,Heavy,P-core,"[0, 1, 2, 3, 4, 5, 6, 7, 8, 9, 10, 11]",bandit,0.0,1010.0,0.0,1.1,0.0,-0.0900,335.5800,0.0334,0.7,0.3
1791088057.2097056,34784,Light,E-core,"[12, 13, 14, 15, 16, 17, 18, 19, 20, 21, 22, 23]",bandit,0.0,10.0,0.0,1.1,0.0,-0.0900,335.5800,0.0199,0.7,0.3
1791088057.2097056,41760,Light,E-core,"[12, 13, 14, 15, 16, 17, 18, 19, 20, 21, 22, 23]",bandit,0.0,4.6,0.0,1.1,0.0,-0.0900,335.5800,0.0199,0.7,0.3
1791088057.8580544,42888,Heavy,E-core,"[12, 13, 14, 15, 16, 17, 18, 19, 20, 21, 22, 23]",bandit,0.0,506.2,0.0,1.1,0.0,-0.3000,798.8400,0.0470,0.7,0.3
1791088057.8580544,35244,Heavy,E-core,"[12, 13, 14, 15, 16, 17, 18, 19, 20, 21, 22, 23]",bandit,0.0,449.1,0.0,1.1,0.0,-0.3000,799.0500,0.0471,0.7,0.3
1791088057.8580544,34784,Light,P-core,"[0, 1, 2, 3, 4, 5, 6, 7, 8, 9, 10, 11]",bandit,0.0,5.5,0.0,1.1,1.0,-0.3000,799.2600,0.0088,0.7,0.3
1791088057.8580544,41760,Light,P-core,"[0, 1, 2, 3, 4, 5, 6, 7, 8, 9, 10, 11]",bandit,0.0,3.7,0.0,1.1,1.0,-0.3000,799.4700,0.0088,0.7,0.3
1791088058.3165584,42888,Heavy,E-core,"[12, 13, 14, 15, 16, 17, 18, 19, 20, 21, 22, 23]",bandit,0.0,904.4,0.0,1.1,1.0,-0.3000,335.7900,-0.0059,0.7,0.3
1791088058.3165584,35244,Heavy,E-core,"[12, 13, 14, 15, 16, 17, 18, 19, 20, 21, 22, 23]",bandit,0.0,881.8,0.0,1.1,1.0,-0.3000,336.0000,-0.0059,0.7,0.3
1791088058.3165584,34784,Light,E-core,"[12, 13, 14, 15, 16, 17, 18, 19, 20, 21, 22, 23]",bandit,0.0,5.4,0.0,1.1,0.0,-0.0900,336.0000,0.0113,0.7,0.3
1791088058.3165584,41760,Light,E-core,"[12, 13, 14, 15, 16, 17, 18, 19, 20, 21, 22, 23]",bandit,0.0,3.6,0.0,1.1,0.0,-0.0900,336.0000,0.0112,0.7,0.3
1791088058.9525092,42888,Heavy,P-core,"[0, 1, 2, 3, 4, 5, 6, 7, 8, 9, 10, 11]",bandit,0.0,1253.6,0.0,1.1,1.0,-0.0900,799.4700,0.0064,0.7,0.3
1791088058.9525092,35244,Heavy,E-core,"[12, 13, 14, 15, 16, 17, 18, 19, 20, 21, 22, 23]",bandit,0.0,1143.9,0.0,1.1,1.0,-0.0900,799.4700,0.0038,0.7,0.3
1791088058.9525092,34784,Light,E-core,"[12, 13, 14, 15, 16, 17, 18, 19, 20, 21, 22, 23]",bandit,0.0,2.7,0.0,1.1,1.0,-0.3000,799.6800,0.0047,0.7,0.3
1791088058.9525092,41760,Light,E-core,"[12, 13, 14, 15, 16, 17, 18, 19, 20, 21, 22, 23]",bandit,0.0,9.1,0.0,1.1,1.0,-0.3000,799.8900,0.0046,0.7,0.3
1791088059.4129884,42888,Heavy,P-core,"[0, 1, 2, 3, 4, 5, 6, 7, 8, 9, 10, 11]",bandit,0.0,808.1,0.0,1.1,0.0,-0.0900,336.0000,0.0228,0.7,0.3
1791088059.4129884,35244,Heavy,E-core,"[12, 13, 14, 15, 16, 17, 18, 19, 20, 21, 22, 23]",bandit,0.0,954.9,0.0,1.1,1.0,-0.0900,336.0000,0.0028,0.7,0.3
1791088059.4129884,34784,Light,E-core,"[12, 13, 14, 15, 16, 17, 18, 19, 20, 21, 22, 23]",bandit,0.0,7.3,0.0,1.1,1.0,-0.0900,336.0000,0.0038,0.7,0.3
1791088059.4129884,41760,Light,E-core,"[12, 13, 14, 15, 16, 17, 18, 19, 20, 21, 22, 23]",bandit,0.0,8.2,0.0,1.1,1.0,-0.0900,336.0000,0.0038,0.7,0.3
1791088060.0226657,42888,Heavy,P-core,"[0, 1, 2, 3, 4, 5, 6, 7, 8, 9, 10, 11]",bandit,0.0,496.2,0.0,1.1,0.0,-0.3000,800.1000,0.0584,0.7,0.3
1791088060.0226657,35244,Heavy,P-core,"[0, 1, 2, 3, 4, 5, 6, 7, 8, 9, 10, 11]",bandit,0.0,998.9,0.0,1.1,1.0,-0.0900,800.1000,0.0172,0.7,0.3
1791088060.0226657,34784,Light,P-core,"[0, 1, 2, 3, 4, 5, 6, 7, 8, 9, 10, 11]",bandit,0.0,12.1,0.0,1.1,1.0,-0.0900,800.1000,0.0203,0.7,0.3
1791088060.0226657,41760,Light,P-core,"[0, 1, 2, 3, 4, 5, 6, 7, 8, 9, 10, 11]",bandit,0.0,4.7,0.0,1.1,1.0,-0.0900,800.1000,0.0206,0.7,0.3
1791088060.507836,42888,Heavy,E-core,"[12, 13, 14, 15, 16, 17, 18, 19, 20, 21, 22, 23]",bandit,0.0,475.9,0.0,1.1,0.0,-0.3000,336.2100,0.0217,0.7,0.3
1791088060.507836,35244,Heavy,P-core,"[0, 1, 2, 3, 4, 5, 6, 7, 8, 9, 10, 11]",bandit,0.0,724.3,0.0,1.1,0.0,-0.0900,336.2100,0.0245,0.7,0.3
1791088060.507836,34784,Light,E-core,"[12, 13, 14, 15, 16, 17, 18, 19, 20, 21, 22, 23]",bandit,0.0,8.2,0.0,1.1,0.0,-0.0900,336.2100,0.0219,0.7,0.3
1791088060.507836,41760,Light,E-core,"[12, 13, 14, 15, 16, 17, 18, 19, 20, 21, 22, 23]",bandit,0.0,6.4,0.0,1.1,0.0,-0.0900,336.2100,0.0220,0.7,0.3
1791088061.1021993,42888,Heavy,E-core,"[12, 13, 14, 15, 16, 17, 18, 19, 20, 21, 22, 23]",bandit,0.0,838.3,0.0,1.1,1.0,-0.3000,800.3100,0.0070,0.7,0.3
1791088061.1021993,35244,Heavy,P-core,"[0, 1, 2, 3, 4, 5, 6, 7, 8, 9, 10, 11]",bandit,0.0,466.9,0.0,1.1,0.0,-0.3000,800.5200,0.0508,0.7,0.3
1791088061.1021993,34784,Light,P-core,"[0, 1, 2, 3, 4, 5, 6, 7, 8, 9, 10, 11]",bandit,0.0,4.6,0.0,1.1,1.0,-0.3000,800.7300,0.0135,0.7,0.3
1791088061.1021993,41760,Light,P-core,"[0, 1, 2, 3, 4, 5, 6, 7, 8, 9, 10, 11]",bandit,0.0,5.6,0.0,1.1,1.0,-0.3000,800.9400,0.0134,0.7,0.3
1791088061.6119967,42888,Heavy,E-core,"[12, 13, 14, 15, 16, 17, 18, 19, 20, 21, 22, 23]",bandit,0.0,1159.3,0.0,1.1,1.0,-0.0900,336.2100,-0.0038,0.7,0.3
1791088061.6119967,35244,Heavy,E-core,"[12, 13, 14, 15, 16, 17, 18, 19, 20, 21, 22, 23]",bandit,0.0,506.3,0.0,1.1,0.0,-0.3000,336.4200,0.0132,0.7,0.3
1791088061.6119967,34784,Light,E-core,"[12, 13, 14, 15, 16, 17, 18, 19, 20, 21, 22, 23]",bandit,0.0,4.5,0.0,1.1,0.0,-0.0900,336.4200,0.0134,0.7,0.3
1791088061.6119967,41760,Light,E-core,"[12, 13, 14, 15, 16, 17, 18, 19, 20, 21, 22, 23]",bandit,0.0,5.4,0.0,1.1,0.0,-0.0900,336.4200,0.0134,0.7,0.3
1791088062.1929018,42888,Heavy,P-core,"[0, 1, 2, 3, 4, 5, 6, 7, 8, 9, 10, 11]",bandit,0.0,1258.8,0.0,1.1,1.0,-0.0900,800.9400,0.0090,0.7,0.3
1791088062.1929018,35244,Heavy,E-core,"[12, 13, 14, 15, 16, 17, 18, 19, 20, 21, 22, 23]",bandit,0.0,902.2,0.0,1.1,1.0,-0.3000,801.1500,0.0044,0.7,0.3
1791088062.1929018,34784,Light,P-core,"[0, 1, 2, 3, 4, 5, 6, 7, 8, 9, 10, 11]",bandit,0.0,6.4,0.0,1.1,1.0,-0.3000,801.3600,0.0057,0.7,0.3
1791088062.1929018,41760,Light,P-core,"[0, 1, 2, 3, 4, 5, 6, 7, 8, 9, 10, 11]",bandit,0.0,7.3,0.0,1.1,1.0,-0.3000,801.5700,0.0056,0.7,0.3
1791088062.7088962,42888,Heavy,P-core,"[0, 1, 2, 3, 4, 5, 6, 7, 8, 9, 10, 11]",bandit,0.0,932.6,0.0,1.1,0.0,-0.0900,336.4200,0.0275,0.7,0.3
1791088062.7088962,35244,Heavy,E-core,"[12, 13, 14, 15, 16, 17, 18, 19, 20, 21, 22, 23]",bandit,0.0,1168.7,0.0,1.1,1.0,-0.0900,336.4200,0.0025,0.7,0.3
1791088062.7088962,34784,Light,E-core,"[12, 13, 14, 15, 16, 17, 18, 19, 20, 21, 22, 23]",bandit,0.0,6.4,0.0,1.1,0.0,-0.0900,336.4200,0.0198,0.7,0.3
1791088062.7088962,41760,Light,E-core,"[12, 13, 14, 15, 16, 17, 18, 19, 20, 21, 22, 23]",bandit,0.0,7.3,0.0,1.1,0.0,-0.0900,336.4200,0.0198,0.7,0.3
1791088063.278241,42888,Heavy,P-core,"[0, 1, 2, 3, 4, 5, 6, 7, 8, 9, 10, 11]",bandit,0.0,592.4,0.0,1.1,0.0,-0.3000,801.7800,0.0473,0.7,0.3
1791088063.278241,35244,Heavy,P-core,"[0, 1, 2, 3, 4, 5, 6, 7, 8, 9, 10, 11]",bandit,0.0,1210.7,0.0,1.1,1.0,-0.0900,801.7800,0.0113,0.7,0.3
1791088063.278241,34784,Light,P-core,"[0, 1, 2, 3, 4, 5, 6, 7, 8, 9, 10, 11]",bandit,0.0,10.1,0.0,1.1,1.0,-0.3000,801.9900,0.0090,0.7,0.3
1791088063.278241,41760,Light,P-core,"[0, 1, 2, 3, 4, 5, 6, 7, 8, 9, 10, 11]",bandit,0.0,3.7,0.0,1.1,1.0,-0.3000,802.2000,0.0091,0.7,0.3
1791088063.8056138,42888,Heavy,E-core,"[12, 13, 14, 15, 16, 17, 18, 19, 20, 21, 22, 23]",bandit,0.0,536.1,0.0,1.1,0.0,-0.3000,336.6300,0.0197,0.7,0.3
1791088063.8056138,35244,Heavy,P-core,"[0, 1, 2, 3, 4, 5, 6, 7, 8, 9, 10, 11]",bandit,0.0,913.6,0.0,1.1,0.0,-0.0900,336.6300,0.0267,0.7,0.3
1791088063.8056138,34784,Light,E-core,"[12, 13, 14, 15, 16, 17, 18, 19, 20, 21, 22, 23]",bandit,0.0,10.0,0.0,1.1,0.0,-0.0900,336.6300,0.0199,0.7,0.3
1791088063.8056138,41760,Light,E-core,"[12, 13, 14, 15, 16, 17, 18, 19, 20, 21, 22, 23]",bandit,0.0,3.6,0.0,1.1,0.0,-0.0900,336.6300,0.0199,0.7,0.3
1791088064.3576922,42888,Heavy,E-core,"[12, 13, 14, 15, 16, 17, 18, 19, 20, 21, 22, 23]",bandit,0.0,761.5,0.0,1.1,1.0,-0.3000,802.4100,0.0070,0.7,0.3
1791088064.3576922,35244,Heavy,P-core,"[0, 1, 2, 3, 4, 5, 6, 7, 8, 9, 10, 11]",bandit,0.0,446.5,0.0,1.1,0.0,-0.3000,802.6200,0.0512,0.7,0.3
1791088064.3576922,34784,Light,P-core,"[0, 1, 2, 3, 4, 5, 6, 7, 8, 9, 10, 11]",bandit,0.0,7.4,0.0,1.1,1.0,-0.3000,802.8300,0.0132,0.7,0.3
1791088064.3576922,41760,Light,P-core,"[0, 1, 2, 3, 4, 5, 6, 7, 8, 9, 10, 11]",bandit,0.0,2.8,0.0,1.1,1.0,-0.3000,803.0400,0.0133,0.7,0.3
1791088064.9126735,42888,Heavy,E-core,"[12, 13, 14, 15, 16, 17, 18, 19, 20, 21, 22, 23]",bandit,0.0,1202.3,0.0,1.1,1.0,-0.0900,336.6300,-0.0060,0.7,0.3
1791088064.9126735,35244,Heavy,E-core,"[12, 13, 14, 15, 16, 17, 18, 19, 20, 21, 22, 23]",bandit,0.0,514.0,0.0,1.1,0.0,-0.3000,336.8400,0.0105,0.7,0.3
1791088064.9126735,34784,Light,E-core,"[12, 13, 14, 15, 16, 17, 18, 19, 20, 21, 22, 23]",bandit,0.0,7.2,0.0,1.1,0.0,-0.0900,336.8400,0.0107,0.7,0.3
1791088064.9126735,41760,Light,E-core,"[12, 13, 14, 15, 16, 17, 18, 19, 20, 21, 22, 23]",bandit,0.0,2.7,0.0,1.1,0.0,-0.0900,336.8400,0.0107,0.7,0.3
1791088065.4374666,42888,Heavy,P-core,"[0, 1, 2, 3, 4, 5, 6, 7, 8, 9, 10, 11]",bandit,0.0,1224.3,0.0,1.1,1.0,-0.0900,803.0400,0.0159,0.7,0.3
1791088065.4374666,35244,Heavy,P-core,"[0, 1, 2, 3, 4, 5, 6, 7, 8, 9, 10, 11]",bandit,0.0,952.1,0.0,1.1,1.0,-0.3000,803.2500,0.0083,0.7,0.3
1791088065.4374666,34784,Light,P-core,"[0, 1, 2, 3, 4, 5, 6, 7, 8, 9, 10, 11]",bandit,0.0,6.5,0.0,1.1,1.0,-0.3000,803.4600,0.0129,0.7,0.3
1791088065.4374666,41760,Light,P-core,"[0, 1, 2, 3, 4, 5, 6, 7, 8, 9, 10, 11]",bandit,0.0,6.5,0.0,1.1,1.0,-0.3000,803.6700,0.0128,0.7,0.3
1791088066.0089586,42888,Heavy,P-core,"[0, 1, 2, 3, 4, 5, 6, 7, 8, 9, 10, 11]",bandit,0.0,847.4,0.0,1.1,0.0,-0.0900,336.8400,0.0242,0.7,0.3
1791088066.0089586,35244,Heavy,P-core,"[0, 1, 2, 3, 4, 5, 6, 7, 8, 9, 10, 11]",bandit,0.0,883.0,0.0,1.1,0.0,-0.0900,336.8400,0.0262,0.7,0.3
1791088066.0089586,34784,Light,E-core,"[12, 13, 14, 15, 16, 17, 18, 19, 20, 21, 22, 23]",bandit,0.0,6.4,0.0,1.1,0.0,-0.0900,336.8400,0.0202,0.7,0.3
1791088066.0089586,41760,Light,E-core,"[12, 13, 14, 15, 16, 17, 18, 19, 20, 21, 22, 23]",bandit,0.0,7.3,0.0,1.1,0.0,-0.0900,336.8400,0.0201,0.7,0.3
1791088066.518242,42888,Heavy,P-core,"[0, 1, 2, 3, 4, 5, 6, 7, 8, 9, 10, 11]",bandit,0.0,489.5,0.0,1.1,0.0,-0.3000,803.8800,0.0505,0.7,0.3
1791088066.518242,35244,Heavy,P-core,"[0, 1, 2, 3, 4, 5, 6, 7, 8, 9, 10, 11]",bandit,0.0,477.4,0.0,1.1,0.0,-0.3000,804.0900,0.0506,0.7,0.3
1791088066.518242,34784,Light,P-core,"[0, 1, 2, 3, 4, 5, 6, 7, 8, 9, 10, 11]",bandit,0.0,6.5,0.0,1.1,1.0,-0.3000,804.3000,0.0120,0.7,0.3
1791088066.518242,41760,Light,P-core,"[0, 1, 2, 3, 4, 5, 6, 7, 8, 9, 10, 11]",bandit,0.0,3.7,0.0,1.1,1.0,-0.3000,804.5100,0.0120,0.7,0.3
1791088067.1106641,42888,Heavy,E-core,"[12, 13, 14, 15, 16, 17, 18, 19, 20, 21, 22, 23]",bandit,0.0,561.9,0.0,1.1,0.0,-0.3000,337.0500,0.0149,0.7,0.3
1791088067.1106641,35244,Heavy,E-core,"[12, 13, 14, 15, 16, 17, 18, 19, 20, 21, 22, 23]",bandit,0.0,404.8,0.0,1.1,0.0,-0.3000,337.2600,0.0149,0.7,0.3
1791088067.1106641,34784,Light,E-core,"[12, 13, 14, 15, 16, 17, 18, 19, 20, 21, 22, 23]",bandit,0.0,7.3,0.0,1.1,0.0,-0.0900,337.2600,0.0151,0.7,0.3
1791088067.1106641,41760,Light,E-core,"[12, 13, 14, 15, 16, 17, 18, 19, 20, 21, 22, 23]",bandit,0.0,3.6,0.0,1.1,0.0,-0.0900,337.2600,0.0151,0.7,0.3
1791088067.6022098,42888,Heavy,E-core,"[12, 13, 14, 15, 16, 17, 18, 19, 20, 21, 22, 23]",bandit,0.0,979.7,0.0,1.1,1.0,-0.3000,804.7200,0.0058,0.7,0.3
1791088067.6022098,35244,Heavy,E-core,"[12, 13, 14, 15, 16, 17, 18, 19, 20, 21, 22, 23]",bandit,0.0,760.2,0.0,1.1,1.0,-0.3000,804.9300,0.0059,0.7,0.3
1791088067.6022098,34784,Light,P-core,"[0, 1, 2, 3, 4, 5, 6, 7, 8, 9, 10, 11]",bandit,0.0,7.4,0.0,1.1,1.0,-0.3000,805.1400,0.0098,0.7,0.3
1791088067.6022098,41760,Light,P-core,"[0, 1, 2, 3, 4, 5, 6, 7, 8, 9, 10, 11]",bandit,0.0,6.5,0.0,1.1,1.0,-0.3000,805.3500,0.0097,0.7,0.3
1791088068.192805,42888,Heavy,P-core,"[0, 1, 2, 3, 4, 5, 6, 7, 8, 9, 10, 11]",bandit,0.0,1142.2,0.0,1.1,1.0,-0.0900,337.2600,0.0439,0.7,0.3
1791088068.192805,35244,Heavy,P-core,"[0, 1, 2, 3, 4, 5, 6, 7, 8, 9, 10, 11]",bandit,0.0,1159.7,0.0,1.1,1.0,-0.0900,337.2600,0.0449,0.7,0.3
1791088068.192805,34784,Light,P-core,"[0, 1, 2, 3, 4, 5, 6, 7, 8, 9, 10, 11]",bandit,0.0,5.5,0.0,1.1,0.0,-0.0900,337.2600,0.0674,0.7,0.3
1791088068.192805,41760,Light,P-core,"[0, 1, 2, 3, 4, 5, 6, 7, 8, 9, 10, 11]",bandit,0.0,4.6,0.0,1.1,0.0,-0.0900,337.2600,0.0674,0.7,0.3
1791088068.68324,42888,Heavy,P-core,"[0, 1, 2, 3, 4, 5, 6, 7, 8, 9, 10, 11]",bandit,0.0,726.2,0.0,1.1,0.0,-0.0900,805.3500,0.0525,0.7,0.3
1791088068.68324,35244,Heavy,P-core,"[0, 1, 2, 3, 4, 5, 6, 7, 8, 9, 10, 11]",bandit,0.0,781.7,0.0,1.1,0.0,-0.0900,805.3500,0.0533,0.7,0.3
1791088068.68324,34784,Light,P-core,"[0, 1, 2, 3, 4, 5, 6, 7, 8, 9, 10, 11]",bandit,0.0,2.8,0.0,1.1,0.0,-0.3000,805.5600,0.0564,0.7,0.3
1791088068.68324,41760,Light,P-core,"[0, 1, 2, 3, 4, 5, 6, 7, 8, 9, 10, 11]",bandit,0.0,2.8,0.0,1.1,0.0,-0.3000,805.7700,0.0564,0.7,0.3
1791088069.2733366,42888,Heavy,P-core,"[0, 1, 2, 3, 4, 5, 6, 7, 8, 9, 10, 11]",bandit,0.0,418.3,0.0,1.1,0.0,-0.3000,337.4700,0.0757,0.7,0.3
1791088069.2733366,35244,Heavy,P-core,"[0, 1, 2, 3, 4, 5, 6, 7, 8, 9, 10, 11]",bandit,0.0,493.3,0.0,1.1,0.0,-0.3000,337.6800,0.0780,0.7,0.3
1791088069.2733366,34784,Light,P-core,"[0, 1, 2, 3, 4, 5, 6, 7, 8, 9, 10, 11]",bandit,0.0,2.8,0.0,1.1,0.0,-0.3000,337.8900,0.0752,0.7,0.3
1791088069.2733366,41760,Light,P-core,"[0, 1, 2, 3, 4, 5, 6, 7, 8, 9, 10, 11]",bandit,0.0,2.8,0.0,1.1,0.0,-0.3000,338.1000,0.0750,0.7,0.3
1791088069.7722685,42888,Heavy,E-core,"[12, 13, 14, 15, 16, 17, 18, 19, 20, 21, 22, 23]",bandit,0.0,402.2,0.0,1.1,0.0,-0.3000,805.9800,0.0466,0.7,0.3
1791088069.7722685,35244,Heavy,E-core,"[12, 13, 14, 15, 16, 17, 18, 19, 20, 21, 22, 23]",bandit,0.0,530.7,0.0,1.1,0.0,-0.3000,806.1900,0.0465,0.7,0.3
1791088069.7722685,34784,Light,P-core,"[0, 1, 2, 3, 4, 5, 6, 7, 8, 9, 10, 11]",bandit,0.0,2.8,0.0,1.1,0.0,-0.3000,806.4000,0.0503,0.7,0.3
1791088069.7722685,41760,Light,P-core,"[0, 1, 2, 3, 4, 5, 6, 7, 8, 9, 10, 11]",bandit,0.0,2.8,0.0,1.1,0.0,-0.3000,806.6100,0.0501,0.7,0.3
1791088070.3516068,42888,Heavy,P-core,"[0, 1, 2, 3, 4, 5, 6, 7, 8, 9, 10, 11]",bandit,0.0,974.7,0.0,1.1,1.0,-0.3000,338.3100,0.0521,0.7,0.3
1791088070.3516068,35244,Heavy,P-core,"[0, 1, 2, 3, 4, 5, 6, 7, 8, 9, 10, 11]",bandit,0.0,983.1,0.0,1.1,1.0,-0.3000,338.5200,0.0526,0.7,0.3
1791088070.3516068,34784,Light,P-core,"[0, 1, 2, 3, 4, 5, 6, 7, 8, 9, 10, 11]",bandit,0.0,2.8,0.0,1.1,0.0,-0.3000,338.7300,0.0852,0.7,0.3
1791088070.3516068,41760,Light,P-core,"[0, 1, 2, 3, 4, 5, 6, 7, 8, 9, 10, 11]",bandit,0.0,2.8,0.0,1.1,0.0,-0.3000,338.9400,0.0849,0.7,0.3
1791088070.8815215,42888,Heavy,E-core,"[12, 13, 14, 15, 16, 17, 18, 19, 20, 21, 22, 23]",bandit,0.0,997.1,0.0,1.1,0.0,-0.0900,806.6100,0.0427,0.7,0.3
1791088070.8815215,35244,Heavy,E-core,"[12, 13, 14, 15, 16, 17, 18, 19, 20, 21, 22, 23]",bandit,0.0,961.9,0.0,1.1,0.0,-0.0900,806.6100,0.0426,0.7,0.3
1791088070.8815215,34784,Light,E-core,"[12, 13, 14, 15, 16, 17, 18, 19, 20, 21, 22, 23]",bandit,0.0,2.7,0.0,1.1,0.0,-0.3000,806.8200,0.0434,0.7,0.3
1791088070.8815215,41760,Light,E-core,"[12, 13, 14, 15, 16, 17, 18, 19, 20, 21, 22, 23]",bandit,0.0,2.7,0.0,1.1,0.0,-0.3000,807.0300,0.0434,0.7,0.3
1791088071.4501476,42888,Heavy,E-core,"[12, 13, 14, 15, 16, 17, 18, 19, 20, 21, 22, 23]",bandit,0.0,899.4,0.0,1.1,1.0,-0.3000,339.1500,0.0012,0.7,0.3
1791088071.4501476,35244,Heavy,E-core,"[12, 13, 14, 15, 16, 17, 18, 19, 20, 21, 22, 23]",bandit,0.0,876.6,0.0,1.1,1.0,-0.3000,339.3600,0.0012,0.7,0.3
1791088071.4501476,34784,Light,E-core,"[12, 13, 14, 15, 16, 17, 18, 19, 20, 21, 22, 23]",bandit,0.0,6.4,0.0,1.1,1.0,-0.3000,339.5700,0.0022,0.7,0.3
1791088071.4501476,41760,Light,E-core,"[12, 13, 14, 15, 16, 17, 18, 19, 20, 21, 22, 23]",bandit,0.0,6.4,0.0,1.1,1.0,-0.3000,339.7800,0.0022,0.7,0.3
1791088072.003012,42888,Heavy,E-core,"[12, 13, 14, 15, 16, 17, 18, 19, 20, 21, 22, 23]",bandit,0.0,1156.5,0.0,1.1,1.0,-0.0900,807.0300,0.0017,0.7,0.3
1791088072.003012,35244,Heavy,E-core,"[12, 13, 14, 15, 16, 17, 18, 19, 20, 21, 22, 23]",bandit,0.0,1304.5,0.0,1.1,1.0,-0.0900,807.0300,0.0016,0.7,0.3
1791088072.003012,34784,Light,E-core,"[12, 13, 14, 15, 16, 17, 18, 19, 20, 21, 22, 23]",bandit,0.0,6.2,0.0,1.1,1.0,-0.0900,807.0300,0.0027,0.7,0.3
1791088072.003012,41760,Light,E-core,"[12, 13, 14, 15, 16, 17, 18, 19, 20, 21, 22, 23]",bandit,0.0,8.0,0.0,1.1,1.0,-0.0900,807.0300,0.0027,0.7,0.3
1791088072.528299,42888,Heavy,P-core,"[0, 1, 2, 3, 4, 5, 6, 7, 8, 9, 10, 11]",bandit,0.0,1049.9,0.0,1.1,1.0,-0.0900,339.7800,0.0570,0.7,0.3
1791088072.528299,35244,Heavy,P-core,"[0, 1, 2, 3, 4, 5, 6, 7, 8, 9, 10, 11]",bandit,0.0,1305.9,0.0,1.1,1.0,-0.0900,339.7800,0.0717,0.7,0.3
1791088072.528299,34784,Light,P-core,"[0, 1, 2, 3, 4, 5, 6, 7, 8, 9, 10, 11]",bandit,0.0,7.4,0.0,1.1,1.0,-0.0900,339.7800,0.0577,0.7,0.3
1791088072.528299,41760,Light,P-core,"[0, 1, 2, 3, 4, 5, 6, 7, 8, 9, 10, 11]",bandit,0.0,5.6,0.0,1.1,1.0,-0.0900,339.7800,0.0577,0.7,0.3
1791088073.102375,42888,Heavy,E-core,"[12, 13, 14, 15, 16, 17, 18, 19, 20, 21, 22, 23]",bandit,0.0,566.7,0.0,1.1,0.0,-0.0900,807.0300,0.0441,0.7,0.3
1791088073.102375,35244,Heavy,E-core,"[12, 13, 14, 15, 16, 17, 18, 19, 20, 21, 22, 23]",bandit,0.0,791.4,0.0,1.1,0.0,-0.0900,807.0300,0.0440,0.7,0.3
1791088073.102375,34784,Light,E-core,"[12, 13, 14, 15, 16, 17, 18, 19, 20, 21, 22, 23]",bandit,0.0,7.3,0.0,1.1,0.0,-0.0900,807.0300,0.0447,0.7,0.3
1791088073.102375,41760,Light,E-core,"[12, 13, 14, 15, 16, 17, 18, 19, 20, 21, 22, 23]",bandit,0.0,3.6,0.0,1.1,0.0,-0.0900,807.0300,0.0447,0.7,0.3
1791088073.60764,42888,Heavy,P-core,"[0, 1, 2, 3, 4, 5, 6, 7, 8, 9, 10, 11]",bandit,0.0,540.1,0.0,1.1,1.0,-0.3000,339.9900,0.0373,0.7,0.3
1791088073.60764,35244,Heavy,P-core,"[0, 1, 2, 3, 4, 5, 6, 7, 8, 9, 10, 11]",bandit,0.0,722.7,0.0,1.1,1.0,-0.3000,340.2000,0.0387,0.7,0.3
1791088073.60764,34784,Light,P-core,"[0, 1, 2, 3, 4, 5, 6, 7, 8, 9, 10, 11]",bandit,0.0,3.7,0.0,1.1,1.0,-0.3000,340.4100,0.0525,0.7,0.3
1791088073.60764,41760,Light,P-core,"[0, 1, 2, 3, 4, 5, 6, 7, 8, 9, 10, 11]",bandit,0.0,7.4,0.0,1.1,1.0,-0.3000,340.6200,0.0519,0.7,0.3
1791088074.2019732,42888,Heavy,E-core,"[12, 13, 14, 15, 16, 17, 18, 19, 20, 21, 22, 23]",bandit,0.0,695.7,0.0,1.1,0.0,-0.0900,807.0300,0.0439,0.7,0.3
1791088074.2019732,35244,Heavy,E-core,"[12, 13, 14, 15, 16, 17, 18, 19, 20, 21, 22, 23]",bandit,0.0,725.7,0.0,1.1,0.0,-0.0900,807.0300,0.0438,0.7,0.3
1791088074.2019732,34784,Light,E-core,"[12, 13, 14, 15, 16, 17, 18, 19, 20, 21, 22, 23]",bandit,0.0,4.5,0.0,1.1,0.0,-0.0900,807.0300,0.0444,0.7,0.3
1791088074.2019732,41760,Light,E-core,"[12, 13, 14, 15, 16, 17, 18, 19, 20, 21, 22, 23]",bandit,0.0,9.1,0.0,1.1,0.0,-0.0900,807.0300,0.0444,0.7,0.3
1791088074.6963358,42888,Heavy,E-core,"[12, 13, 14, 15, 16, 17, 18, 19, 20, 21, 22, 23]",bandit,0.0,793.6,0.0,1.1,1.0,-0.3000,340.8300,0.0107,0.7,0.3
1791088074.6963358,35244,Heavy,E-core,"[12, 13, 14, 15, 16, 17, 18, 19, 20, 21, 22, 23]",bandit,0.0,755.0,0.0,1.1,1.0,-0.3000,341.0400,0.0107,0.7,0.3
1791088074.6963358,34784,Light,P-core,"[0, 1, 2, 3, 4, 5, 6, 7, 8, 9, 10, 11]",bandit,0.0,6.4,0.0,1.1,1.0,-0.3000,341.2500,0.0142,0.7,0.3
1791088074.6963358,41760,Light,P-core,"[0, 1, 2, 3, 4, 5, 6, 7, 8, 9, 10, 11]",bandit,0.0,7.3,0.0,1.1,1.0,-0.3000,341.4600,0.0137,0.7,0.3
1791088075.299693,42888,Heavy,E-core,"[12, 13, 14, 15, 16, 17, 18, 19, 20, 21, 22, 23]",bandit,0.0,1204.3,0.0,1.1,1.0,-0.0900,807.0300,0.0034,0.7,0.3
1791088075.299693,35244,Heavy,E-core,"[12, 13, 14, 15, 16, 17, 18, 19, 20, 21, 22, 23]",bandit,0.0,1175.2,0.0,1.1,1.0,-0.0900,807.0300,0.0034,0.7,0.3
1791088075.299693,34784,Light,E-core,"[12, 13, 14, 15, 16, 17, 18, 19, 20, 21, 22, 23]",bandit,0.0,5.5,0.0,1.1,0.0,-0.0900,807.0300,0.0445,0.7,0.3
1791088075.299693,41760,Light,E-core,"[12, 13, 14, 15, 16, 17, 18, 19, 20, 21, 22, 23]",bandit,0.0,9.1,0.0,1.1,0.0,-0.0900,807.0300,0.0445,0.7,0.3
1791088075.7747278,42888,Heavy,P-core,"[0, 1, 2, 3, 4, 5, 6, 7, 8, 9, 10, 11]",bandit,0.0,1105.3,0.0,1.1,1.0,-0.0900,341.4600,0.0577,0.7,0.3
1791088075.7747278,35244,Heavy,P-core,"[0, 1, 2, 3, 4, 5, 6, 7, 8, 9, 10, 11]",bandit,0.0,1115.5,0.0,1.1,1.0,-0.0900,341.4600,0.0583,0.7,0.3
1791088075.7747278,34784,Light,P-core,"[0, 1, 2, 3, 4, 5, 6, 7, 8, 9, 10, 11]",bandit,0.0,3.7,0.0,1.1,1.0,-0.3000,341.6700,0.0544,0.7,0.3
1791088075.7747278,41760,Light,P-core,"[0, 1, 2, 3, 4, 5, 6, 7, 8, 9, 10, 11]",bandit,0.0,11.1,0.0,1.1,1.0,-0.3000,341.8800,0.0537,0.7,0.3
1791088076.402839,42888,Heavy,E-core,"[12, 13, 14, 15, 16, 17, 18, 19, 20, 21, 22, 23]",bandit,0.0,698.9,0.0,1.1,0.0,-0.0900,807.0300,0.0429,0.7,0.3
1791088076.402839,35244,Heavy,E-core,"[12, 13, 14, 15, 16, 17, 18, 19, 20, 21, 22, 23]",bandit,0.0,694.4,0.0,1.1,0.0,-0.0900,807.0300,0.0429,0.7,0.3
1791088076.402839,34784,Light,E-core,"[12, 13, 14, 15, 16, 17, 18, 19, 20, 21, 22, 23]",bandit,0.0,3.6,0.0,1.1,0.0,-0.0900,807.0300,0.0435,0.7,0.3
1791088076.402839,41760,Light,E-core,"[12, 13, 14, 15, 16, 17, 18, 19, 20, 21, 22, 23]",bandit,0.0,6.3,0.0,1.1,0.0,-0.0900,807.0300,0.0435,0.7,0.3
1791088076.8602035,42888,Heavy,E-core,"[12, 13, 14, 15, 16, 17, 18, 19, 20, 21, 22, 23]",bandit,0.0,739.8,0.0,1.1,1.0,-0.3000,342.0900,0.0141,0.7,0.3
1791088076.8602035,35244,Heavy,P-core,"[0, 1, 2, 3, 4, 5, 6, 7, 8, 9, 10, 11]",bandit,0.0,869.7,0.0,1.1,1.0,-0.3000,342.3000,0.0160,0.7,0.3
1791088076.8602035,34784,Light,P-core,"[0, 1, 2, 3, 4, 5, 6, 7, 8, 9, 10, 11]",bandit,0.0,4.6,0.0,1.1,1.0,-0.3000,342.5100,0.0249,0.7,0.3
1791088076.8602035,41760,Light,P-core,"[0, 1, 2, 3, 4, 5, 6, 7, 8, 9, 10, 11]",bandit,0.0,11.1,0.0,1.1,1.0,-0.3000,342.7200,0.0241,0.7,0.3
1791088077.4975417,42888,Heavy,P-core,"[0, 1, 2, 3, 4, 5, 6, 7, 8, 9, 10, 11]",bandit,0.0,1172.0,0.0,1.1,1.0,-0.0900,807.0300,0.0041,0.7,0.3
1791088077.4975417,35244,Heavy,P-core,"[0, 1, 2, 3, 4, 5, 6, 7, 8, 9, 10, 11]",bandit,0.0,897.0,0.0,1.1,0.0,-0.0900,807.0300,0.0447,0.7,0.3
1791088077.4975417,34784,Light,P-core,"[0, 1, 2, 3, 4, 5, 6, 7, 8, 9, 10, 11]",bandit,0.0,3.7,0.0,1.1,0.0,-0.0900,807.0300,0.0458,0.7,0.3
1791088077.4975417,41760,Light,P-core,"[0, 1, 2, 3, 4, 5, 6, 7, 8, 9, 10, 11]",bandit,0.0,11.9,0.0,1.1,0.0,-0.0900,807.0300,0.0456,0.7,0.3
1791088077.9480069,42888,Heavy,P-core,"[0, 1, 2, 3, 4, 5, 6, 7, 8, 9, 10, 11]",bandit,0.0,920.2,0.0,1.1,0.0,-0.0900,342.7200,0.0666,0.7,0.3
1791088077.9480069,35244,Heavy,P-core,"[0, 1, 2, 3, 4, 5, 6, 7, 8, 9, 10, 11]",bandit,0.0,493.7,0.0,1.1,0.0,-0.3000,342.9300,0.0452,0.7,0.3
1791088077.9480069,34784,Light,P-core,"[0, 1, 2, 3, 4, 5, 6, 7, 8, 9, 10, 11]",bandit,0.0,2.8,0.0,1.1,0.0,-0.3000,343.1400,0.0430,0.7,0.3
1791088077.9480069,41760,Light,P-core,"[0, 1, 2, 3, 4, 5, 6, 7, 8, 9, 10, 11]",bandit,0.0,3.7,0.0,1.1,0.0,-0.3000,343.3500,0.0430,0.7,0.3
1791088078.5855436,42888,Heavy,E-core,"[12, 13, 14, 15, 16, 17, 18, 19, 20, 21, 22, 23]",bandit,0.0,493.6,0.0,1.1,0.0,-0.3000,807.2400,0.0456,0.7,0.3
1791088078.5855436,35244,Heavy,E-core,"[12, 13, 14, 15, 16, 17, 18, 19, 20, 21, 22, 23]",bandit,0.0,491.7,0.0,1.1,0.0,-0.3000,807.4500,0.0456,0.7,0.3
1791088078.5855436,34784,Light,P-core,"[0, 1, 2, 3, 4, 5, 6, 7, 8, 9, 10, 11]",bandit,0.0,2.8,0.0,1.1,0.0,-0.3000,807.6600,0.0502,0.7,0.3
1791088078.5855436,41760,Light,P-core,"[0, 1, 2, 3, 4, 5, 6, 7, 8, 9, 10, 11]",bandit,0.0,2.8,0.0,1.1,0.0,-0.3000,807.8700,0.0500,0.7,0.3
1791088079.0270178,42888,Heavy,P-core,"[0, 1, 2, 3, 4, 5, 6, 7, 8, 9, 10, 11]",bandit,0.0,764.6,0.0,1.1,1.0,-0.3000,343.5600,0.0391,0.7,0.3
1791088079.0270178,35244,Heavy,P-core,"[0, 1, 2, 3, 4, 5, 6, 7, 8, 9, 10, 11]",bandit,0.0,739.6,0.0,1.1,1.0,-0.3000,343.7700,0.0385,0.7,0.3
1791088079.0270178,34784,Light,P-core,"[0, 1, 2, 3, 4, 5, 6, 7, 8, 9, 10, 11]",bandit,0.0,2.8,0.0,1.1,0.0,-0.3000,343.9800,0.0833,0.7,0.3
1791088079.0270178,41760,Light,P-core,"[0, 1, 2, 3, 4, 5, 6, 7, 8, 9, 10, 11]",bandit,0.0,2.8,0.0,1.1,0.0,-0.3000,344.1900,0.0830,0.7,0.3
1791088079.6856604,42888,Heavy,E-core,"[12, 13, 14, 15, 16, 17, 18, 19, 20, 21, 22, 23]",bandit,0.0,759.0,0.0,1.1,0.0,-0.0900,807.8700,0.0429,0.7,0.3
1791088079.6856604,35244,Heavy,E-core,"[12, 13, 14, 15, 16, 17, 18, 19, 20, 21, 22, 23]",bandit,0.0,736.3,0.0,1.1,0.0,-0.0900,807.8700,0.0429,0.7,0.3
1791088079.6856604,34784,Light,E-core,"[12, 13, 14, 15, 16, 17, 18, 19, 20, 21, 22, 23]",bandit,0.0,2.7,0.0,1.1,0.0,-0.3000,808.0800,0.0435,0.7,0.3
1791088079.6856604,41760,Light,E-core,"[12, 13, 14, 15, 16, 17, 18, 19, 20, 21, 22, 23]",bandit,0.0,2.7,0.0,1.1,0.0,-0.3000,808.2900,0.0435,0.7,0.3
1791088080.113437,42888,Heavy,E-core,"[12, 13, 14, 15, 16, 17, 18, 19, 20, 21, 22, 23]",bandit,0.0,650.8,0.0,1.1,1.0,-0.3000,344.4000,0.0131,0.7,0.3
1791088080.113437,35244,Heavy,E-core,"[12, 13, 14, 15, 16, 17, 18, 19, 20, 21, 22, 23]",bandit,0.0,761.2,0.0,1.1,1.0,-0.3000,344.6100,0.0130,0.7,0.3
1791088080.113437,34784,Light,P-core,"[0, 1, 2, 3, 4, 5, 6, 7, 8, 9, 10, 11]",bandit,0.0,4.6,0.0,1.1,1.0,-0.3000,344.8200,0.0205,0.7,0.3
1791088080.113437,41760,Light,P-core,"[0, 1, 2, 3, 4, 5, 6, 7, 8, 9, 10, 11]",bandit,0.0,2.8,0.0,1.1,1.0,-0.3000,345.0300,0.0206,0.7,0.3
1791088080.7666526,42888,Heavy,P-core,"[0, 1, 2, 3, 4, 5, 6, 7, 8, 9, 10, 11]",bandit,0.0,1140.6,0.0,1.1,1.0,-0.0900,808.2900,0.0134,0.7,0.3
1791088080.7666526,35244,Heavy,P-core,"[0, 1, 2, 3, 4, 5, 6, 7, 8, 9, 10, 11]",bandit,0.0,1277.5,0.0,1.1,1.0,-0.0900,808.2900,0.0176,0.7,0.3
1791088080.7666526,34784,Light,P-core,"[0, 1, 2, 3, 4, 5, 6, 7, 8, 9, 10, 11]",bandit,0.0,6.5,0.0,1.1,0.0,-0.0900,808.2900,0.0547,0.7,0.3
1791088080.7666526,41760,Light,P-core,"[0, 1, 2, 3, 4, 5, 6, 7, 8, 9, 10, 11]",bandit,0.0,6.5,0.0,1.1,0.0,-0.0900,808.2900,0.0547,0.7,0.3
1791088081.1947794,42888,Heavy,P-core,"[0, 1, 2, 3, 4, 5, 6, 7, 8, 9, 10, 11]",bandit,0.0,934.9,0.0,1.1,0.0,-0.0900,345.0300,0.0977,0.7,0.3
1791088081.1947794,35244,Heavy,P-core,"[0, 1, 2, 3, 4, 5, 6, 7, 8, 9, 10, 11]",bandit,0.0,1060.7,0.0,1.1,0.0,-0.0900,345.0300,0.1057,0.7,0.3
1791088081.1947794,34784,Light,P-core,"[0, 1, 2, 3, 4, 5, 6, 7, 8, 9, 10, 11]",bandit,0.0,4.6,0.0,1.1,0.0,-0.3000,345.2400,0.0716,0.7,0.3
1791088081.1947794,41760,Light,P-core,"[0, 1, 2, 3, 4, 5, 6, 7, 8, 9, 10, 11]",bandit,0.0,4.6,0.0,1.1,0.0,-0.3000,345.4500,0.0717,0.7,0.3
1791088081.849249,42888,Heavy,P-core,"[0, 1, 2, 3, 4, 5, 6, 7, 8, 9, 10, 11]",bandit,0.0,434.1,0.0,1.1,0.0,-0.3000,808.5000,0.0478,0.7,0.3
1791088081.849249,35244,Heavy,P-core,"[0, 1, 2, 3, 4, 5, 6, 7, 8, 9, 10, 11]",bandit,0.0,596.7,0.0,1.1,0.0,-0.3000,808.7100,0.0484,0.7,0.3
1791088081.849249,34784,Light,P-core,"[0, 1, 2, 3, 4, 5, 6, 7, 8, 9, 10, 11]",bandit,0.0,4.6,0.0,1.1,0.0,-0.3000,808.9200,0.0536,0.7,0.3
1791088081.849249,41760,Light,P-core,"[0, 1, 2, 3, 4, 5, 6, 7, 8, 9, 10, 11]",bandit,0.0,3.7,0.0,1.1,0.0,-0.3000,809.1300,0.0534,0.7,0.3
1791088082.296117,42888,Heavy,E-core,"[12, 13, 14, 15, 16, 17, 18, 19, 20, 21, 22, 23]",bandit,0.0,471.2,0.0,1.1,0.0,-0.3000,345.6600,0.0152,0.7,0.3
1791088082.296117,35244,Heavy,E-core,"[12, 13, 14, 15, 16, 17, 18, 19, 20, 21, 22, 23]",bandit,0.0,492.1,0.0,1.1,0.0,-0.3000,345.8700,0.0151,0.7,0.3
1791088082.296117,34784,Light,E-core,"[12, 13, 14, 15, 16, 17, 18, 19, 20, 21, 22, 23]",bandit,0.0,3.6,0.0,1.1,0.0,-0.3000,346.0800,0.0154,0.7,0.3
1791088082.296117,41760,Light,E-core,"[12, 13, 14, 15, 16, 17, 18, 19, 20, 21, 22, 23]",bandit,0.0,5.4,0.0,1.1,0.0,-0.3000,346.2900,0.0154,0.7,0.3
1791088082.9274929,42888,Heavy,E-core,"[12, 13, 14, 15, 16, 17, 18, 19, 20, 21, 22, 23]",bandit,0.0,778.1,0.0,1.1,1.0,-0.3000,809.3400,0.0079,0.7,0.3
1791088082.9274929,35244,Heavy,E-core,"[12, 13, 14, 15, 16, 17, 18, 19, 20, 21, 22, 23]",bandit,0.0,716.9,0.0,1.1,1.0,-0.3000,809.5500,0.0080,0.7,0.3
1791088082.9274929,34784,Light,P-core,"[0, 1, 2, 3, 4, 5, 6, 7, 8, 9, 10, 11]",bandit,0.0,6.5,0.0,1.1,1.0,-0.3000,809.7600,0.0149,0.7,0.3
1791088082.9274929,41760,Light,P-core,"[0, 1, 2, 3, 4, 5, 6, 7, 8, 9, 10, 11]",bandit,0.0,7.4,0.0,1.1,1.0,-0.3000,809.9700,0.0149,0.7,0.3
1791088083.3967967,42888,Heavy,E-core,"[12, 13, 14, 15, 16, 17, 18, 19, 20, 21, 22, 23]",bandit,0.0,907.6,0.0,1.1,1.0,-0.0900,346.2900,-0.0009,0.7,0.3
1791088083.3967967,35244,Heavy,E-core,"[12, 13, 14, 15, 16, 17, 18, 19, 20, 21, 22, 23]",bandit,0.0,934.9,0.0,1.1,1.0,-0.0900,346.2900,-0.0009,0.7,0.3
1791088083.3967967,34784,Light,E-core,"[12, 13, 14, 15, 16, 17, 18, 19, 20, 21, 22, 23]",bandit,0.0,6.4,0.0,1.1,0.0,-0.0900,346.2900,0.0159,0.7,0.3
1791088083.3967967,41760,Light,E-core,"[12, 13, 14, 15, 16, 17, 18, 19, 20, 21, 22, 23]",bandit,0.0,7.3,0.0,1.1,0.0,-0.0900,346.2900,0.0159,0.7,0.3
1791088084.0068576,42888,Heavy,P-core,"[0, 1, 2, 3, 4, 5, 6, 7, 8, 9, 10, 11]",bandit,0.0,868.1,0.0,1.1,1.0,-0.0900,809.9700,0.0077,0.7,0.3
1791088084.0068576,35244,Heavy,P-core,"[0, 1, 2, 3, 4, 5, 6, 7, 8, 9, 10, 11]",bandit,0.0,981.1,0.0,1.1,1.0,-0.0900,809.9700,0.0105,0.7,0.3
1791088084.0068576,34784,Light,P-core,"[0, 1, 2, 3, 4, 5, 6, 7, 8, 9, 10, 11]",bandit,0.0,2.8,0.0,1.1,1.0,-0.3000,810.1800,0.0141,0.7,0.3
1791088084.0068576,41760,Light,P-core,"[0, 1, 2, 3, 4, 5, 6, 7, 8, 9, 10, 11]",bandit,0.0,3.7,0.0,1.1,1.0,-0.3000,810.3900,0.0140,0.7,0.3
1791088084.4925838,42888,Heavy,P-core,"[0, 1, 2, 3, 4, 5, 6, 7, 8, 9, 10, 11]",bandit,0.0,761.1,0.0,1.1,0.0,-0.0900,346.2900,0.0220,0.7,0.3
1791088084.4925838,35244,Heavy,P-core,"[0, 1, 2, 3, 4, 5, 6, 7, 8, 9, 10, 11]",bandit,0.0,800.3,0.0,1.1,0.0,-0.0900,346.2900,0.0242,0.7,0.3
1791088084.4925838,34784,Light,E-core,"[12, 13, 14, 15, 16, 17, 18, 19, 20, 21, 22, 23]",bandit,0.0,4.6,0.0,1.1,0.0,-0.0900,346.2900,0.0205,0.7,0.3
1791088084.4925838,41760,Light,E-core,"[12, 13, 14, 15, 16, 17, 18, 19, 20, 21, 22, 23]",bandit,0.0,4.6,0.0,1.1,0.0,-0.0900,346.2900,0.0204,0.7,0.3
1791088085.0880523,42888,Heavy,P-core,"[0, 1, 2, 3, 4, 5, 6, 7, 8, 9, 10, 11]",bandit,0.0,495.7,0.0,1.1,0.0,-0.3000,810.6000,0.0484,0.7,0.3
1791088085.0880523,35244,Heavy,P-core,"[0, 1, 2, 3, 4, 5, 6, 7, 8, 9, 10, 11]",bandit,0.0,452.3,0.0,1.1,0.0,-0.3000,810.8100,0.0484,0.7,0.3
1791088085.0880523,34784,Light,P-core,"[0, 1, 2, 3, 4, 5, 6, 7, 8, 9, 10, 11]",bandit,0.0,4.6,0.0,1.1,1.0,-0.3000,811.0200,0.0126,0.7,0.3
1791088085.0880523,41760,Light,P-core,"[0, 1, 2, 3, 4, 5, 6, 7, 8, 9, 10, 11]",bandit,0.0,5.5,0.0,1.1,1.0,-0.3000,811.2300,0.0124,0.7,0.3
1791088085.5830607,42888,Heavy,P-core,"[0, 1, 2, 3, 4, 5, 6, 7, 8, 9, 10, 11]",bandit,0.0,414.5,0.0,1.1,0.0,-0.3000,346.5000,0.0298,0.7,0.3
1791088085.5830607,35244,Heavy,P-core,"[0, 1, 2, 3, 4, 5, 6, 7, 8, 9, 10, 11]",bandit,0.0,409.0,0.0,1.1,0.0,-0.3000,346.7100,0.0294,0.7,0.3
1791088085.5830607,34784,Light,P-core,"[0, 1, 2, 3, 4, 5, 6, 7, 8, 9, 10, 11]",bandit,0.0,3.7,0.0,1.1,0.0,-0.0900,346.7100,0.0301,0.7,0.3
1791088085.5830607,41760,Light,P-core,"[0, 1, 2, 3, 4, 5, 6, 7, 8, 9, 10, 11]",bandit,0.0,4.6,0.0,1.1,0.0,-0.0900,346.7100,0.0300,0.7,0.3
1791088086.1665478,42888,Heavy,P-core,"[0, 1, 2, 3, 4, 5, 6, 7, 8, 9, 10, 11]",bandit,0.0,390.4,0.0,1.1,0.0,-0.3000,811.4400,0.0505,0.7,0.3
1791088086.1665478,35244,Heavy,P-core,"[0, 1, 2, 3, 4, 5, 6, 7, 8, 9, 10, 11]",bandit,0.0,459.9,0.0,1.1,0.0,-0.3000,811.6500,0.0503,0.7,0.3
1791088086.1665478,34784,Light,P-core,"[0, 1, 2, 3, 4, 5, 6, 7, 8, 9, 10, 11]",bandit,0.0,3.7,0.0,1.1,0.0,-0.3000,811.8600,0.0561,0.7,0.3
1791088086.1665478,41760,Light,P-core,"[0, 1, 2, 3, 4, 5, 6, 7, 8, 9, 10, 11]",bandit,0.0,4.6,0.0,1.1,0.0,-0.3000,812.0700,0.0561,0.7,0.3
1791088086.6720293,42888,Heavy,P-core,"[0, 1, 2, 3, 4, 5, 6, 7, 8, 9, 10, 11]",bandit,0.0,450.9,0.0,1.1,0.0,-0.3000,346.9200,0.0369,0.7,0.3
1791088086.6720293,35244,Heavy,P-core,"[0, 1, 2, 3, 4, 5, 6, 7, 8, 9, 10, 11]",bandit,0.0,512.4,0.0,1.1,0.0,-0.3000,347.1300,0.0387,0.7,0.3
1791088086.6720293,34784,Light,P-core,"[0, 1, 2, 3, 4, 5, 6, 7, 8, 9, 10, 11]",bandit,0.0,3.7,0.0,1.1,0.0,-0.3000,347.3400,0.0359,0.7,0.3
1791088086.6720293,41760,Light,P-core,"[0, 1, 2, 3, 4, 5, 6, 7, 8, 9, 10, 11]",bandit,0.0,3.7,0.0,1.1,0.0,-0.3000,347.5500,0.0356,0.7,0.3
1791088087.2399597,42888,Heavy,P-core,"[0, 1, 2, 3, 4, 5, 6, 7, 8, 9, 10, 11]",bandit,0.0,508.7,0.0,1.1,0.0,-0.3000,812.2800,0.0545,0.7,0.3
1791088087.2399597,35244,Heavy,P-core,"[0, 1, 2, 3, 4, 5, 6, 7, 8, 9, 10, 11]",bandit,0.0,469.5,0.0,1.1,0.0,-0.3000,812.4900,0.0542,0.7,0.3
1791088087.2399597,34784,Light,P-core,"[0, 1, 2, 3, 4, 5, 6, 7, 8, 9, 10, 11]",bandit,0.0,4.7,0.0,1.1,0.0,-0.3000,812.7000,0.0597,0.7,0.3
1791088087.2399597,41760,Light,P-core,"[0, 1, 2, 3, 4, 5, 6, 7, 8, 9, 10, 11]",bandit,0.0,2.8,0.0,1.1,0.0,-0.3000,812.9100,0.0595,0.7,0.3
1791088087.7631044,42888,Heavy,P-core,"[0, 1, 2, 3, 4, 5, 6, 7, 8, 9, 10, 11]",bandit,0.0,515.1,0.0,1.1,0.0,-0.3000,347.7600,0.0291,0.7,0.3
1791088087.7631044,35244,Heavy,P-core,"[0, 1, 2, 3, 4, 5, 6, 7, 8, 9, 10, 11]",bandit,0.0,430.8,0.0,1.1,0.0,-0.3000,347.9700,0.0263,0.7,0.3
1791088087.7631044,34784,Light,P-core,"[0, 1, 2, 3, 4, 5, 6, 7, 8, 9, 10, 11]",bandit,0.0,3.7,0.0,1.1,0.0,-0.3000,348.1800,0.0262,0.7,0.3
1791088087.7631044,41760,Light,P-core,"[0, 1, 2, 3, 4, 5, 6, 7, 8, 9, 10, 11]",bandit,0.0,3.7,0.0,1.1,0.0,-0.3000,348.3900,0.0260,0.7,0.3
1791088088.3257284,42888,Heavy,E-core,"[12, 13, 14, 15, 16, 17, 18, 19, 20, 21, 22, 23]",bandit,0.0,453.1,0.0,1.1,0.0,-0.3000,813.1200,0.0458,0.7,0.3
1791088088.3257284,35244,Heavy,E-core,"[12, 13, 14, 15, 16, 17, 18, 19, 20, 21, 22, 23]",bandit,0.0,447.6,0.0,1.1,0.0,-0.3000,813.3300,0.0458,0.7,0.3
1791088088.3257284,34784,Light,P-core,"[0, 1, 2, 3, 4, 5, 6, 7, 8, 9, 10, 11]",bandit,0.0,2.8,0.0,1.1,0.0,-0.3000,813.5400,0.0497,0.7,0.3
1791088088.3257284,41760,Light,P-core,"[0, 1, 2, 3, 4, 5, 6, 7, 8, 9, 10, 11]",bandit,0.0,3.7,0.0,1.1,0.0,-0.3000,813.7500,0.0495,0.7,0.3
1791088088.8746183,42888,Heavy,E-core,"[12, 13, 14, 15, 16, 17, 18, 19, 20, 21, 22, 23]",bandit,0.0,662.2,0.0,1.1,1.0,-0.3000,348.6000,-0.0094,0.7,0.3
1791088088.8746183,35244,Heavy,E-core,"[12, 13, 14, 15, 16, 17, 18, 19, 20, 21, 22, 23]",bandit,0.0,693.6,0.0,1.1,1.0,-0.3000,348.8100,-0.0094,0.7,0.3
1791088088.8746183,34784,Light,E-core,"[12, 13, 14, 15, 16, 17, 18, 19, 20, 21, 22, 23]",bandit,0.0,3.6,0.0,1.1,0.0,-0.3000,349.0200,0.0066,0.7,0.3
1791088088.8746183,41760,Light,E-core,"[12, 13, 14, 15, 16, 17, 18, 19, 20, 21, 22, 23]",bandit,0.0,4.5,0.0,1.1,0.0,-0.3000,349.2300,0.0066,0.7,0.3
1791088089.4030106,42888,Heavy,P-core,"[0, 1, 2, 3, 4, 5, 6, 7, 8, 9, 10, 11]",bandit,0.0,980.2,0.0,1.1,1.0,-0.0900,813.7500,0.0128,0.7,0.3
1791088089.4030106,35244,Heavy,P-core,"[0, 1, 2, 3, 4, 5, 6, 7, 8, 9, 10, 11]",bandit,0.0,900.4,0.0,1.1,1.0,-0.0900,813.7500,0.0107,0.7,0.3
1791088089.4030106,34784,Light,P-core,"[0, 1, 2, 3, 4, 5, 6, 7, 8, 9, 10, 11]",bandit,0.0,2.8,0.0,1.1,1.0,-0.3000,813.9600,0.0160,0.7,0.3
1791088089.4030106,41760,Light,P-core,"[0, 1, 2, 3, 4, 5, 6, 7, 8, 9, 10, 11]",bandit,0.0,6.5,0.0,1.1,1.0,-0.3000,814.1700,0.0159,0.7,0.3
1791088089.9810188,42888,Heavy,E-core,"[12, 13, 14, 15, 16, 17, 18, 19, 20, 21, 22, 23]",bandit,0.0,718.5,0.0,1.1,0.0,-0.0900,349.2300,0.0105,0.7,0.3
1791088089.9810188,35244,Heavy,E-core,"[12, 13, 14, 15, 16, 17, 18, 19, 20, 21, 22, 23]",bandit,0.0,627.3,0.0,1.1,0.0,-0.0900,349.2300,0.0105,0.7,0.3
1791088089.9810188,34784,Light,E-core,"[12, 13, 14, 15, 16, 17, 18, 19, 20, 21, 22, 23]",bandit,0.0,3.6,0.0,1.1,0.0,-0.0900,349.2300,0.0107,0.7,0.3
1791088089.9810188,41760,Light,E-core,"[12, 13, 14, 15, 16, 17, 18, 19, 20, 21, 22, 23]",bandit,0.0,5.4,0.0,1.1,0.0,-0.0900,349.2300,0.0107,0.7,0.3
1791088090.4793594,42888,Heavy,P-core,"[0, 1, 2, 3, 4, 5, 6, 7, 8, 9, 10, 11]",bandit,0.0,777.6,0.0,1.1,1.0,-0.3000,814.3800,0.0088,0.7,0.3
1791088090.4793594,35244,Heavy,E-core,"[12, 13, 14, 15, 16, 17, 18, 19, 20, 21, 22, 23]",bandit,0.0,742.3,0.0,1.1,1.0,-0.3000,814.5900,0.0086,0.7,0.3
1791088090.4793594,34784,Light,P-core,"[0, 1, 2, 3, 4, 5, 6, 7, 8, 9, 10, 11]",bandit,0.0,4.6,0.0,1.1,1.0,-0.3000,814.8000,0.0167,0.7,0.3
1791088090.4793594,41760,Light,P-core,"[0, 1, 2, 3, 4, 5, 6, 7, 8, 9, 10, 11]",bandit,0.0,6.5,0.0,1.1,1.0,-0.3000,815.0100,0.0165,0.7,0.3
1791088091.0747917,42888,Heavy,P-core,"[0, 1, 2, 3, 4, 5, 6, 7, 8, 9, 10, 11]",bandit,0.0,818.3,0.0,1.1,0.0,-0.0900,349.2300,0.0310,0.7,0.3
1791088091.0747917,35244,Heavy,E-core,"[12, 13, 14, 15, 16, 17, 18, 19, 20, 21, 22, 23]",bandit,0.0,1108.1,0.0,1.1,1.0,-0.0900,349.2300,0.0056,0.7,0.3
1791088091.0747917,34784,Light,E-core,"[12, 13, 14, 15, 16, 17, 18, 19, 20, 21, 22, 23]",bandit,0.0,3.7,0.0,1.1,0.0,-0.0900,349.2300,0.0222,0.7,0.3
1791088091.0747917,41760,Light,E-core,"[12, 13, 14, 15, 16, 17, 18, 19, 20, 21, 22, 23]",bandit,0.0,10.1,0.0,1.1,0.0,-0.0900,349.2300,0.0222,0.7,0.3
1791088091.5653934,42888,Heavy,E-core,"[12, 13, 14, 15, 16, 17, 18, 19, 20, 21, 22, 23]",bandit,0.0,460.4,0.0,1.1,0.0,-0.3000,815.2200,0.0456,0.7,0.3
1791088091.5653934,35244,Heavy,P-core,"[0, 1, 2, 3, 4, 5, 6, 7, 8, 9, 10, 11]",bandit,0.0,1091.1,0.0,1.1,1.0,-0.0900,815.2200,0.0092,0.7,0.3
1791088091.5653934,34784,Light,P-core,"[0, 1, 2, 3, 4, 5, 6, 7, 8, 9, 10, 11]",bandit,0.0,2.8,0.0,1.1,1.0,-0.3000,815.4300,0.0095,0.7,0.3
1791088091.5653934,41760,Light,P-core,"[0, 1, 2, 3, 4, 5, 6, 7, 8, 9, 10, 11]",bandit,0.0,6.4,0.0,1.1,1.0,-0.3000,815.6400,0.0093,0.7,0.3
1791088092.168835,42888,Heavy,E-core,"[12, 13, 14, 15, 16, 17, 18, 19, 20, 21, 22, 23]",bandit,0.0,747.7,0.0,1.1,1.0,-0.3000,349.4400,0.0054,0.7,0.3
1791088092.168835,35244,Heavy,P-core,"[0, 1, 2, 3, 4, 5, 6, 7, 8, 9, 10, 11]",bandit,0.0,755.9,0.0,1.1,0.0,-0.0900,349.4400,0.0261,0.7,0.3
1791088092.168835,34784,Light,E-core,"[12, 13, 14, 15, 16, 17, 18, 19, 20, 21, 22, 23]",bandit,0.0,2.7,0.0,1.1,0.0,-0.0900,349.4400,0.0219,0.7,0.3
1791088092.168835,41760,Light,E-core,"[12, 13, 14, 15, 16, 17, 18, 19, 20, 21, 22, 23]",bandit,0.0,3.7,0.0,1.1,0.0,-0.0900,349.4400,0.0219,0.7,0.3
1791088092.6516438,42888,Heavy,P-core,"[0, 1, 2, 3, 4, 5, 6, 7, 8, 9, 10, 11]",bandit,0.0,1259.4,0.0,1.1,1.0,-0.0900,815.6400,0.0141,0.7,0.3
1791088092.6516438,35244,Heavy,E-core,"[12, 13, 14, 15, 16, 17, 18, 19, 20, 21, 22, 23]",bandit,0.0,448.3,0.0,1.1,0.0,-0.3000,815.8500,0.0455,0.7,0.3
1791088092.6516438,34784,Light,P-core,"[0, 1, 2, 3, 4, 5, 6, 7, 8, 9, 10, 11]",bandit,0.0,10.1,0.0,1.1,1.0,-0.3000,816.0600,0.0089,0.7,0.3
1791088092.6516438,41760,Light,P-core,"[0, 1, 2, 3, 4, 5, 6, 7, 8, 9, 10, 11]",bandit,0.0,15.7,0.0,1.1,1.0,-0.3000,816.2700,0.0086,0.7,0.3
1791088093.2580009,42888,Heavy,P-core,"[0, 1, 2, 3, 4, 5, 6, 7, 8, 9, 10, 11]",bandit,0.0,891.5,0.0,1.1,0.0,-0.0900,349.4400,0.0551,0.7,0.3
1791088093.2580009,35244,Heavy,E-core,"[12, 13, 14, 15, 16, 17, 18, 19, 20, 21, 22, 23]",bandit,0.0,984.2,0.0,1.1,1.0,-0.3000,349.6500,0.0103,0.7,0.3
1791088093.2580009,34784,Light,P-core,"[0, 1, 2, 3, 4, 5, 6, 7, 8, 9, 10, 11]",bandit,0.0,10.1,0.0,1.1,0.0,-0.0900,349.6500,0.0331,0.7,0.3
1791088093.2580009,41760,Light,P-core,"[0, 1, 2, 3, 4, 5, 6, 7, 8, 9, 10, 11]",bandit,0.0,14.7,0.0,1.1,0.0,-0.0900,349.6500,0.0330,0.7,0.3
1791088093.7302277,42888,Heavy,P-core,"[0, 1, 2, 3, 4, 5, 6, 7, 8, 9, 10, 11]",bandit,0.0,651.8,0.0,1.1,0.0,-0.3000,816.4800,0.0511,0.7,0.3
1791088093.7302277,35244,Heavy,P-core,"[0, 1, 2, 3, 4, 5, 6, 7, 8, 9, 10, 11]",bandit,0.0,1314.7,0.0,1.1,1.0,-0.0900,816.4800,0.0214,0.7,0.3
1791088093.7302277,34784,Light,P-core,"[0, 1, 2, 3, 4, 5, 6, 7, 8, 9, 10, 11]",bandit,0.0,6.5,0.0,1.1,0.0,-0.3000,816.6900,0.0553,0.7,0.3
1791088093.7302277,41760,Light,P-core,"[0, 1, 2, 3, 4, 5, 6, 7, 8, 9, 10, 11]",bandit,0.0,7.4,0.0,1.1,0.0,-0.3000,816.9000,0.0553,0.7,0.3
1791088094.3618631,42888,Heavy,E-core,"[12, 13, 14, 15, 16, 17, 18, 19, 20, 21, 22, 23]",bandit,0.0,732.0,0.0,1.1,0.0,-0.3000,349.8600,0.0123,0.7,0.3
1791088094.3618631,35244,Heavy,E-core,"[12, 13, 14, 15, 16, 17, 18, 19, 20, 21, 22, 23]",bandit,0.0,756.4,0.0,1.1,0.0,-0.0900,349.8600,0.0124,0.7,0.3
1791088094.3618631,34784,Light,E-core,"[12, 13, 14, 15, 16, 17, 18, 19, 20, 21, 22, 23]",bandit,0.0,6.3,0.0,1.1,0.0,-0.3000,350.0700,0.0126,0.7,0.3
1791088094.3618631,41760,Light,E-core,"[12, 13, 14, 15, 16, 17, 18, 19, 20, 21, 22, 23]",bandit,0.0,7.2,0.0,1.1,0.0,-0.3000,350.2800,0.0126,0.7,0.3
