timestamp,pid,true_type,classification,assigned_cores,confidence,cpu_percent,latency_ms,mode
1787845532.7756805,6360,Heavy,Light,"[12, 13, 14, 15, 16, 17, 18, 19, 20, 21, 22, 23]",1.00,0.0,0.00,Heuristic
1787845532.7756805,43412,Heavy,Light,"[12, 13, 14, 15, 16, 17, 18, 19, 20, 21, 22, 23]",1.00,0.0,0.00,Heuristic
1787845532.7756805,42804,Light,Light,"[12, 13, 14, 15, 16, 17, 18, 19, 20, 21, 22, 23]",1.00,0.0,0.00,Heuristic
1787845532.7756805,11940,Light,Light,"[12, 13, 14, 15, 16, 17, 18, 19, 20, 21, 22, 23]",1.00,0.0,0.00,Heuristic
1787845533.7971447,6360,Heavy,Light,"[12, 13, 14, 15, 16, 17, 18, 19, 20, 21, 22, 23]",1.00,0.0,0.00,Heuristic
1787845533.7971447,43412,Heavy,Light,"[12, 13, 14, 15, 16, 17, 18, 19, 20, 21, 22, 23]",1.00,0.0,0.00,Heuristic
1787845533.7971447,42804,Light,Light,"[12, 13, 14, 15, 16, 17, 18, 19, 20, 21, 22, 23]",1.00,0.0,0.00,Heuristic
1787845533.7971447,11940,Light,Light,"[12, 13, 14, 15, 16, 17, 18, 19, 20, 21, 22, 23]",1.00,0.0,0.00,Heuristic
1787845534.8179724,6360,Heavy,Light,"[12, 13, 14, 15, 16, 17, 18, 19, 20, 21, 22, 23]",1.00,0.0,0.00,Heuristic
1787845534.8179724,43412,Heavy,Light,"[12, 13, 14, 15, 16, 17, 18, 19, 20, 21, 22, 23]",1.00,0.0,0.00,Heuristic
1787845534.8179724,42804,Light,Light,"[12, 13, 14, 15, 16, 17, 18, 19, 20, 21, 22, 23]",1.00,0.0,0.00,Heuristic
1787845534.8179724,11940,Light,Light,"[12, 13, 14, 15, 16, 17, 18, 19, 20, 21, 22, 23]",1.00,0.0,0.00,Heuristic
1787845535.8445058,6360,Heavy,Light,"[12, 13, 14, 15, 16, 17, 18, 19, 20, 21, 22, 23]",1.00,0.0,0.00,Heuristic
1787845535.8445058,43412,Heavy,Light,"[12, 13, 14, 15, 16, 17, 18, 19, 20, 21, 22, 23]",1.00,0.0,0.00,Heuristic
1787845535.8445058,42804,Light,Light,"[12, 13, 14, 15, 16, 17, 18, 19, 20, 21, 22, 23]",1.00,0.0,0.00,Heuristic
1787845535.8445058,11940,Light,Light,"[12, 13, 14, 15, 16, 17, 18, 19, 20, 21, 22, 23]",1.00,0.0,0.00,Heuristic
1787845536.869489,6360,Heavy,Light,"[12, 13, 14, 15, 16, 17, 18, 19, 20, 21, 22, 23]",1.00,0.0,0.00,Heuristic
1787845536.869489,43412,Heavy,Light,"[12, 13, 14, 15, 16, 17, 18, 19, 20, 21, 22, 23]",1.00,0.0,0.00,Heuristic
1787845536.869489,42804,Light,Light,"[12, 13, 14, 15, 16, 17, 18, 19, 20, 21, 22, 23]",1.00,0.0,0.00,Heuristic
1787845536.869489,11940,Light,Light,"[12, 13, 14, 15, 16, 17, 18, 19, 20, 21, 22, 23]",1.00,0.0,0.00,Heuristic
1787845537.8918614,6360,Heavy,Light,"[12, 13, 14, 15, 16, 17, 18, 19, 20, 21, 22, 23]",1.00,0.0,0.00,Heuristic
1787845537.8918614,43412,Heavy,Light,"[12, 13, 14, 15, 16, 17, 18, 19, 20, 21, 22, 23]",1.00,0.0,0.00,Heuristic
1787845537.8918614,42804,Light,Light,"[12, 13, 14, 15, 16, 17, 18, 19, 20, 21, 22, 23]",1.00,0.0,0.00,Heuristic
1787845537.8918614,11940,Light,Light,"[12, 13, 14, 15, 16, 17, 18, 19, 20, 21, 22, 23]",1.00,0.0,0.00,Heuristic
1787845538.9155612,6360,Heavy,Light,"[12, 13, 14, 15, 16, 17, 18, 19, 20, 21, 22, 23]",1.00,0.0,0.00,Heuristic
1787845538.9155612,43412,Heavy,Light,"[12, 13, 14, 15, 16, 17, 18, 19, 20, 21, 22, 23]",1.00,0.0,0.00,Heuristic
1787845538.9155612,42804,Light,Light,"[12, 13, 14, 15, 16, 17, 18, 19, 20, 21, 22, 23]",1.00,0.0,0.00,Heuristic
1787845538.9155612,11940,Light,Light,"[12, 13, 14, 15, 16, 17, 18, 19, 20, 21, 22, 23]",1.00,0.0,0.00,Heuristic
1787845539.9373543,6360,Heavy,Light,"[12, 13, 14, 15, 16, 17, 18, 19, 20, 21, 22, 23]",1.00,0.0,0.00,Heuristic
1787845539.9373543,43412,Heavy,Light,"[12, 13, 14, 15, 16, 17, 18, 19, 20, 21, 22, 23]",1.00,0.0,0.00,Heuristic
1787845539.9373543,42804,Light,Light,"[12, 13, 14, 15, 16, 17, 18, 19, 20, 21, 22, 23]",1.00,0.0,0.00,Heuristic
1787845539.9373543,11940,Light,Light,"[12, 13, 14, 15, 16, 17, 18, 19, 20, 21, 22, 23]",1.00,0.0,0.00,Heuristic
1787845540.9617398,6360,Heavy,Light,"[12, 13, 14, 15, 16, 17, 18, 19, 20, 21, 22, 23]",1.00,0.0,0.00,Heuristic
1787845540.9617398,43412,Heavy,Light,"[12, 13, 14, 15, 16, 17, 18, 19, 20, 21, 22, 23]",1.00,0.0,0.00,Heuristic
1787845540.9617398,42804,Light,Light,"[12, 13, 14, 15, 16, 17, 18, 19, 20, 21, 22, 23]",1.00,0.0,0.00,Heuristic
1787845540.9617398,11940,Light,Light,"[12, 13, 14, 15, 16, 17, 18, 19, 20, 21, 22, 23]",1.00,0.0,0.00,Heuristic
1787845810.6939292,6360,Heavy,Light,"[12, 13, 14, 15, 16, 17, 18, 19, 20, 21, 22, 23]",1.00,0.0,0.00,Heuristic
1787845810.6939292,43412,Heavy,Light,"[12, 13, 14, 15, 16, 17, 18, 19, 20, 21, 22, 23]",1.00,0.0,0.00,Heuristic
1787845810.6939292,42804,Light,Light,"[12, 13, 14, 15, 16, 17, 18, 19, 20, 21, 22, 23]",1.00,0.0,0.00,Heuristic
1787845810.6939292,11940,Light,Light,"[12, 13, 14, 15, 16, 17, 18, 19, 20, 21, 22, 23]",1.00,0.0,0.00,Heuristic
1787845811.7167006,6360,Heavy,Light,"[12, 13, 14, 15, 16, 17, 18, 19, 20, 21, 22, 23]",1.00,0.0,0.00,Heuristic
1787845811.7167006,43412,Heavy,Light,"[12, 13, 14, 15, 16, 17, 18, 19, 20, 21, 22, 23]",1.00,0.0,0.00,Heuristic
1787845811.7167006,42804,Light,Light,"[12, 13, 14, 15, 16, 17, 18, 19, 20, 21, 22, 23]",1.00,0.0,0.00,Heuristic
1787845811.7167006,11940,Light,Light,"[12, 13, 14, 15, 16, 17, 18, 19, 20, 21, 22, 23]",1.00,0.0,0.00,Heuristic
1787845812.7385712,6360,Heavy,Light,"[12, 13, 14, 15, 16, 17, 18, 19, 20, 21, 22, 23]",1.00,0.0,0.00,Heuristic
1787845812.7385712,43412,Heavy,Light,"[12, 13, 14, 15, 16, 17, 18, 19, 20, 21, 22, 23]",1.00,0.0,0.00,Heuristic
1787845812.7385712,42804,Light,Light,"[12, 13, 14, 15, 16, 17, 18, 19, 20, 21, 22, 23]",1.00,0.0,0.00,Heuristic
1787845812.7385712,11940,Light,Light,"[12, 13, 14, 15, 16, 17, 18, 19, 20, 21, 22, 23]",1.00,0.0,0.00,Heuristic
1787845813.7610192,6360,Heavy,Light,"[12, 13, 14, 15, 16, 17, 18, 19, 20, 21, 22, 23]",1.00,0.0,0.00,Heuristic
1787845813.7610192,43412,Heavy,Light,"[12, 13, 14, 15, 16, 17, 18, 19, 20, 21, 22, 23]",1.00,0.0,0.00,Heuristic
1787845813.7610192,42804,Light,Light,"[12, 13, 14, 15, 16, 17, 18, 19, 20, 21, 22, 23]",1.00,0.0,0.00,Heuristic
1787845813.7610192,11940,Light,Light,"[12, 13, 14, 15, 16, 17, 18, 19, 20, 21, 22, 23]",1.00,0.0,0.00,Heuristic
1787845814.783988,6360,Heavy,Light,"[12, 13, 14, 15, 16, 17, 18, 19, 20, 21, 22, 23]",1.00,0.0,0.00,Heuristic
1787845814.783988,43412,Heavy,Light,"[12, 13, 14, 15, 16, 17, 18, 19, 20, 21, 22, 23]",1.00,0.0,0.00,Heuristic
1787845814.783988,42804,Light,Light,"[12, 13, 14, 15, 16, 17, 18, 19, 20, 21, 22, 23]",1.00,0.0,0.00,Heuristic
1787845814.783988,11940,Light,Light,"[12, 13, 14, 15, 16, 17, 18, 19, 20, 21, 22, 23]",1.00,0.0,0.00,Heuristic
1787845815.8079603,6360,Heavy,Light,"[12, 13, 14, 15, 16, 17, 18, 19, 20, 21, 22, 23]",1.00,0.0,0.00,Heuristic
1787845815.8079603,43412,Heavy,Light,"[12, 13, 14, 15, 16, 17, 18, 19, 20, 21, 22, 23]",1.00,0.0,0.00,Heuristic
1787845815.8079603,42804,Light,Light,"[12, 13, 14, 15, 16, 17, 18, 19, 20, 21, 22, 23]",1.00,0.0,0.00,Heuristic
1787845815.8079603,11940,Light,Light,"[12, 13, 14, 15, 16, 17, 18, 19, 20, 21, 22, 23]",1.00,0.0,0.00,Heuristic
1787845816.8322449,6360,Heavy,Light,"[12, 13, 14, 15, 16, 17, 18, 19, 20, 21, 22, 23]",1.00,0.0,0.00,Heuristic
1787845816.8322449,43412,Heavy,Light,"[12, 13, 14, 15, 16, 17, 18, 19, 20, 21, 22, 23]",1.00,0.0,0.00,Heuristic
1787845816.8322449,42804,Light,Light,"[12, 13, 14, 15, 16, 17, 18, 19, 20, 21, 22, 23]",1.00,0.0,0.00,Heuristic
1787845816.8322449,11940,Light,Light,"[12, 13, 14, 15, 16, 17, 18, 19, 20, 21, 22, 23]",1.00,0.0,0.00,Heuristic
1787845817.8559172,6360,Heavy,Light,"[12, 13, 14, 15, 16, 17, 18, 19, 20, 21, 22, 23]",1.00,0.0,0.00,Heuristic
1787845817.8559172,43412,Heavy,Light,"[12, 13, 14, 15, 16, 17, 18, 19, 20, 21, 22, 23]",1.00,0.0,0.00,Heuristic
1787845817.8559172,42804,Light,Light,"[12, 13, 14, 15, 16, 17, 18, 19, 20, 21, 22, 23]",1.00,0.0,0.00,Heuristic
1787845817.8559172,11940,Light,Light,"[12, 13, 14, 15, 16, 17, 18, 19, 20, 21, 22, 23]",1.00,0.0,0.00,Heuristic
1787845818.8825262,6360,Heavy,Light,"[12, 13, 14, 15, 16, 17, 18, 19, 20, 21, 22, 23]",1.00,0.0,0.00,Heuristic
1787845818.8825262,43412,Heavy,Light,"[12, 13, 14, 15, 16, 17, 18, 19, 20, 21, 22, 23]",1.00,0.0,0.00,Heuristic
1787845818.8825262,42804,Light,Light,"[12, 13, 14, 15, 16, 17, 18, 19, 20, 21, 22, 23]",1.00,0.0,0.00,Heuristic
1787845818.8825262,11940,Light,Light,"[12, 13, 14, 15, 16, 17, 18, 19, 20, 21, 22, 23]",1.00,0.0,0.00,Heuristic
1787845819.9059722,6360,Heavy,Light,"[12, 13, 14, 15, 16, 17, 18, 19, 20, 21, 22, 23]",1.00,0.0,0.00,Heuristic
1787845819.9059722,43412,Heavy,Light,"[12, 13, 14, 15, 16, 17, 18, 19, 20, 21, 22, 23]",1.00,0.0,0.00,Heuristic
1787845819.9059722,42804,Light,Light,"[12, 13, 14, 15, 16, 17, 18, 19, 20, 21, 22, 23]",1.00,0.0,0.00,Heuristic
1787845819.9059722,11940,Light,Light,"[12, 13, 14, 15, 16, 17, 18, 19, 20, 21, 22, 23]",1.00,0.0,0.00,Heuristic
1787845820.9292295,6360,Heavy,Light,"[12, 13, 14, 15, 16, 17, 18, 19, 20, 21, 22, 23]",1.00,0.0,0.00,Heuristic
1787845820.9292295,43412,Heavy,Light,"[12, 13, 14, 15, 16, 17, 18, 19, 20, 21, 22, 23]",1.00,0.0,0.00,Heuristic
1787845820.9292295,42804,Light,Light,"[12, 13, 14, 15, 16, 17, 18, 19, 20, 21, 22, 23]",1.00,0.0,0.00,Heuristic
1787845820.9292295,11940,Light,Light,"[12, 13, 14, 15, 16, 17, 18, 19, 20, 21, 22, 23]",1.00,0.0,0.00,Heuristic
1787845821.9546752,6360,Heavy,Light,"[12, 13, 14, 15, 16, 17, 18, 19, 20, 21, 22, 23]",1.00,0.0,0.00,Heuristic
1787845821.9546752,43412,Heavy,Light,"[12, 13, 14, 15, 16, 17, 18, 19, 20, 21, 22, 23]",1.00,0.0,0.00,Heuristic
1787845821.9546752,42804,Light,Light,"[12, 13, 14, 15, 16, 17, 18, 19, 20, 21, 22, 23]",1.00,0.0,0.00,Heuristic
1787845821.9546752,11940,Light,Light,"[12, 13, 14, 15, 16, 17, 18, 19, 20, 21, 22, 23]",1.00,0.0,0.00,Heuristic
1787845822.9810007,6360,Heavy,Light,"[12, 13, 14, 15, 16, 17, 18, 19, 20, 21, 22, 23]",1.00,0.0,0.00,Heuristic
1787845822.9810007,43412,Heavy,Light,"[12, 13, 14, 15, 16, 17, 18, 19, 20, 21, 22, 23]",1.00,0.0,0.00,Heuristic
1787845822.9810007,42804,Light,Heavy,"[0, 1, 2, 3, 4, 5, 6, 7, 8, 9, 10, 11]",1.00,0.0,20.10,RandomForest
1787845822.9810007,11940,Light,Heavy,"[0, 1, 2, 3, 4, 5, 6, 7, 8, 9, 10, 11]",1.00,0.0,1.35,RandomForest
1787845824.034414,6360,Heavy,Heavy,"[0, 1, 2, 3, 4, 5, 6, 7, 8, 9, 10, 11]",1.00,0.0,0.93,RandomForest
1787845824.034414,43412,Heavy,Heavy,"[0, 1, 2, 3, 4, 5, 6, 7, 8, 9, 10, 11]",1.00,0.0,0.89,RandomForest
1787845824.034414,42804,Light,Heavy,"[0, 1, 2, 3, 4, 5, 6, 7, 8, 9, 10, 11]",1.00,0.0,0.90,RandomForest
1787845824.034414,11940,Light,Heavy,"[0, 1, 2, 3, 4, 5, 6, 7, 8, 9, 10, 11]",1.00,0.0,0.81,RandomForest
1787845825.0627644,6360,Heavy,Heavy,"[0, 1, 2, 3, 4, 5, 6, 7, 8, 9, 10, 11]",1.00,0.0,0.94,RandomForest
1787845825.0627644,43412,Heavy,Heavy,"[0, 1, 2, 3, 4, 5, 6, 7, 8, 9, 10, 11]",1.00,0.0,0.85,RandomForest
1787845825.0627644,42804,Light,Heavy,"[0, 1, 2, 3, 4, 5, 6, 7, 8, 9, 10, 11]",1.00,0.0,0.90,RandomForest
1787845825.0627644,11940,Light,Heavy,"[0, 1, 2, 3, 4, 5, 6, 7, 8, 9, 10, 11]",1.00,0.0,0.83,RandomForest
1787845826.090142,6360,Heavy,Heavy,"[0, 1, 2, 3, 4, 5, 6, 7, 8, 9, 10, 11]",1.00,0.0,0.92,RandomForest
1787845826.090142,43412,Heavy,Heavy,"[0, 1, 2, 3, 4, 5, 6, 7, 8, 9, 10, 11]",1.00,0.0,0.88,RandomForest
1787845826.090142,42804,Light,Heavy,"[0, 1, 2, 3, 4, 5, 6, 7, 8, 9, 10, 11]",1.00,0.0,0.83,RandomForest
1787845826.090142,11940,Light,Heavy,"[0, 1, 2, 3, 4, 5, 6, 7, 8, 9, 10, 11]",1.00,0.0,0.83,RandomForest
1787845827.1166248,6360,Heavy,Heavy,"[0, 1, 2, 3, 4, 5, 6, 7, 8, 9, 10, 11]",1.00,0.0,0.91,RandomForest
1787845827.1166248,43412,Heavy,Heavy,"[0, 1, 2, 3, 4, 5, 6, 7, 8, 9, 10, 11]",1.00,0.0,0.91,RandomForest
1787845827.1166248,42804,Light,Heavy,"[0, 1, 2, 3, 4, 5, 6, 7, 8, 9, 10, 11]",1.00,0.0,0.86,RandomForest
1787845827.1166248,11940,Light,Heavy,"[0, 1, 2, 3, 4, 5, 6, 7, 8, 9, 10, 11]",1.00,0.0,0.81,RandomForest
1787845828.143878,6360,Heavy,Heavy,"[0, 1, 2, 3, 4, 5, 6, 7, 8, 9, 10, 11]",1.00,0.0,0.95,RandomForest
1787845828.143878,43412,Heavy,Heavy,"[0, 1, 2, 3, 4, 5, 6, 7, 8, 9, 10, 11]",1.00,0.0,0.86,RandomForest
1787845828.143878,42804,Light,Heavy,"[0, 1, 2, 3, 4, 5, 6, 7, 8, 9, 10, 11]",1.00,0.0,0.93,RandomForest
1787845828.143878,11940,Light,Heavy,"[0, 1, 2, 3, 4, 5, 6, 7, 8, 9, 10, 11]",1.00,0.0,0.85,RandomForest
1787845829.173587,6360,Heavy,Heavy,"[0, 1, 2, 3, 4, 5, 6, 7, 8, 9, 10, 11]",1.00,0.0,0.93,RandomForest
1787845829.173587,43412,Heavy,Heavy,"[0, 1, 2, 3, 4, 5, 6, 7, 8, 9, 10, 11]",1.00,0.0,0.84,RandomForest
1787845829.173587,42804,Light,Heavy,"[0, 1, 2, 3, 4, 5, 6, 7, 8, 9, 10, 11]",1.00,0.0,0.82,RandomForest
1787845829.173587,11940,Light,Heavy,"[0, 1, 2, 3, 4, 5, 6, 7, 8, 9, 10, 11]",1.00,0.0,0.79,RandomForest
1787845830.2008228,6360,Heavy,Heavy,"[0, 1, 2, 3, 4, 5, 6, 7, 8, 9, 10, 11]",1.00,0.0,0.93,RandomForest
1787845830.2008228,43412,Heavy,Heavy,"[0, 1, 2, 3, 4, 5, 6, 7, 8, 9, 10, 11]",1.00,0.0,0.88,RandomForest
1787845830.2008228,42804,Light,Heavy,"[0, 1, 2, 3, 4, 5, 6, 7, 8, 9, 10, 11]",1.00,0.0,0.86,RandomForest
1787845830.2008228,11940,Light,Heavy,"[0, 1, 2, 3, 4, 5, 6, 7, 8, 9, 10, 11]",1.00,0.0,0.82,RandomForest
1787845831.2281358,6360,Heavy,Heavy,"[0, 1, 2, 3, 4, 5, 6, 7, 8, 9, 10, 11]",1.00,0.0,0.93,RandomForest
1787845831.2281358,43412,Heavy,Heavy,"[0, 1, 2, 3, 4, 5, 6, 7, 8, 9, 10, 11]",1.00,0.0,0.88,RandomForest
1787845831.2281358,42804,Light,Heavy,"[0, 1, 2, 3, 4, 5, 6, 7, 8, 9, 10, 11]",1.00,0.0,0.86,RandomForest
1787845831.2281358,11940,Light,Heavy,"[0, 1, 2, 3, 4, 5, 6, 7, 8, 9, 10, 11]",1.00,0.0,0.84,RandomForest
1787845832.2560384,6360,Heavy,Heavy,"[0, 1, 2, 3, 4, 5, 6, 7, 8, 9, 10, 11]",1.00,0.0,1.01,RandomForest
1787845832.2560384,43412,Heavy,Heavy,"[0, 1, 2, 3, 4, 5, 6, 7, 8, 9, 10, 11]",1.00,0.0,0.97,RandomForest
1787845832.2560384,42804,Light,Heavy,"[0, 1, 2, 3, 4, 5, 6, 7, 8, 9, 10, 11]",1.00,0.0,0.87,RandomForest
1787845832.2560384,11940,Light,Heavy,"[0, 1, 2, 3, 4, 5, 6, 7, 8, 9, 10, 11]",1.00,0.0,0.96,RandomForest
1787845833.2839968,6360,Heavy,Heavy,"[0, 1, 2, 3, 4, 5, 6, 7, 8, 9, 10, 11]",1.00,0.0,1.02,RandomForest
1787845833.2839968,43412,Heavy,Heavy,"[0, 1, 2, 3, 4, 5, 6, 7, 8, 9, 10, 11]",1.00,0.0,1.02,RandomForest
1787845833.2839968,42804,Light,Heavy,"[0, 1, 2, 3, 4, 5, 6, 7, 8, 9, 10, 11]",1.00,0.0,1.09,RandomForest
1787845833.2839968,11940,Light,Heavy,"[0, 1, 2, 3, 4, 5, 6, 7, 8, 9, 10, 11]",1.00,0.0,0.99,RandomForest
1787845834.5502524,6360,Heavy,Heavy,"[0, 1, 2, 3, 4, 5, 6, 7, 8, 9, 10, 11]",1.00,0.0,1.13,RandomForest
1787845834.5502524,43412,Heavy,Heavy,"[0, 1, 2, 3, 4, 5, 6, 7, 8, 9, 10, 11]",1.00,0.0,1.06,RandomForest
1787845834.5502524,42804,Light,Heavy,"[0, 1, 2, 3, 4, 5, 6, 7, 8, 9, 10, 11]",1.00,0.0,1.07,RandomForest
1787845834.5502524,11940,Light,Heavy,"[0, 1, 2, 3, 4, 5, 6, 7, 8, 9, 10, 11]",1.00,0.0,1.08,RandomForest
1787845835.6473706,6360,Heavy,Heavy,"[0, 1, 2, 3, 4, 5, 6, 7, 8, 9, 10, 11]",1.00,0.0,1.10,RandomForest
1787845835.6473706,43412,Heavy,Heavy,"[0, 1, 2, 3, 4, 5, 6, 7, 8, 9, 10, 11]",1.00,0.0,0.96,RandomForest
1787845835.6473706,42804,Light,Heavy,"[0, 1, 2, 3, 4, 5, 6, 7, 8, 9, 10, 11]",1.00,0.0,0.93,RandomForest
1787845835.6473706,11940,Light,Heavy,"[0, 1, 2, 3, 4, 5, 6, 7, 8, 9, 10, 11]",1.00,0.0,1.06,RandomForest
1787845836.6791184,6360,Heavy,Heavy,"[0, 1, 2, 3, 4, 5, 6, 7, 8, 9, 10, 11]",1.00,0.0,1.33,RandomForest
1787845836.6791184,43412,Heavy,Heavy,"[0, 1, 2, 3, 4, 5, 6, 7, 8, 9, 10, 11]",1.00,0.0,1.02,RandomForest
1787845836.6791184,42804,Light,Heavy,"[0, 1, 2, 3, 4, 5, 6, 7, 8, 9, 10, 11]",1.00,0.0,0.98,RandomForest
1787845836.6791184,11940,Light,Heavy,"[0, 1, 2, 3, 4, 5, 6, 7, 8, 9, 10, 11]",1.00,0.0,0.99,RandomForest
1787845837.7273629,6360,Heavy,Heavy,"[0, 1, 2, 3, 4, 5, 6, 7, 8, 9, 10, 11]",1.00,0.0,1.08,RandomForest
1787845837.7273629,43412,Heavy,Heavy,"[0, 1, 2, 3, 4, 5, 6, 7, 8, 9, 10, 11]",1.00,0.0,1.76,RandomForest
1787845837.7273629,42804,Light,Heavy,"[0, 1, 2, 3, 4, 5, 6, 7, 8, 9, 10, 11]",1.00,0.0,1.10,RandomForest
1787845837.7273629,11940,Light,Heavy,"[0, 1, 2, 3, 4, 5, 6, 7, 8, 9, 10, 11]",1.00,0.0,1.14,RandomForest
1787845838.7645288,6360,Heavy,Heavy,"[0, 1, 2, 3, 4, 5, 6, 7, 8, 9, 10, 11]",1.00,0.0,1.07,RandomForest
1787845838.7645288,43412,Heavy,Heavy,"[0, 1, 2, 3, 4, 5, 6, 7, 8, 9, 10, 11]",1.00,0.0,1.31,RandomForest
1787845838.7645288,42804,Light,Heavy,"[0, 1, 2, 3, 4, 5, 6, 7, 8, 9, 10, 11]",1.00,0.0,1.03,RandomForest
1787845838.7645288,11940,Light,Heavy,"[0, 1, 2, 3, 4, 5, 6, 7, 8, 9, 10, 11]",1.00,0.0,1.04,RandomForest
1787845839.796175,6360,Heavy,Heavy,"[0, 1, 2, 3, 4, 5, 6, 7, 8, 9, 10, 11]",1.00,0.0,0.93,RandomForest
1787845839.796175,43412,Heavy,Heavy,"[0, 1, 2, 3, 4, 5, 6, 7, 8, 9, 10, 11]",1.00,0.0,0.85,RandomForest
1787845839.796175,42804,Light,Heavy,"[0, 1, 2, 3, 4, 5, 6, 7, 8, 9, 10, 11]",1.00,0.0,0.84,RandomForest
1787845839.796175,11940,Light,Heavy,"[0, 1, 2, 3, 4, 5, 6, 7, 8, 9, 10, 11]",1.00,0.0,0.79,RandomForest
1787845840.8230276,6360,Heavy,Heavy,"[0, 1, 2, 3, 4, 5, 6, 7, 8, 9, 10, 11]",1.00,0.0,0.96,RandomForest
1787845840.8230276,43412,Heavy,Heavy,"[0, 1, 2, 3, 4, 5, 6, 7, 8, 9, 10, 11]",1.00,0.0,0.87,RandomForest
1787845840.8230276,42804,Light,Heavy,"[0, 1, 2, 3, 4, 5, 6, 7, 8, 9, 10, 11]",1.00,0.0,0.88,RandomForest
1787845840.8230276,11940,Light,Heavy,"[0, 1, 2, 3, 4, 5, 6, 7, 8, 9, 10, 11]",1.00,0.0,0.85,RandomForest
1787845841.854287,6360,Heavy,Heavy,"[0, 1, 2, 3, 4, 5, 6, 7, 8, 9, 10, 11]",1.00,0.0,0.91,RandomForest
1787845841.854287,43412,Heavy,Heavy,"[0, 1, 2, 3, 4, 5, 6, 7, 8, 9, 10, 11]",1.00,0.0,0.84,RandomForest
1787845841.854287,42804,Light,Heavy,"[0, 1, 2, 3, 4, 5, 6, 7, 8, 9, 10, 11]",1.00,0.0,0.84,RandomForest
1787845841.854287,11940,Light,Heavy,"[0, 1, 2, 3, 4, 5, 6, 7, 8, 9, 10, 11]",1.00,0.0,0.76,RandomForest
1787845842.885884,6360,Heavy,Heavy,"[0, 1, 2, 3, 4, 5, 6, 7, 8, 9, 10, 11]",1.00,0.0,0.88,RandomForest
1787845842.885884,43412,Heavy,Heavy,"[0, 1, 2, 3, 4, 5, 6, 7, 8, 9, 10, 11]",1.00,0.0,0.77,RandomForest
1787845842.885884,42804,Light,Heavy,"[0, 1, 2, 3, 4, 5, 6, 7, 8, 9, 10, 11]",1.00,0.0,0.77,RandomForest
1787845842.885884,11940,Light,Heavy,"[0, 1, 2, 3, 4, 5, 6, 7, 8, 9, 10, 11]",1.00,0.0,0.81,RandomForest
1787845843.9200704,6360,Heavy,Heavy,"[0, 1, 2, 3, 4, 5, 6, 7, 8, 9, 10, 11]",1.00,0.0,0.90,RandomForest
1787845843.9200704,43412,Heavy,Heavy,"[0, 1, 2, 3, 4, 5, 6, 7, 8, 9, 10, 11]",1.00,0.0,0.80,RandomForest
1787845843.9200704,42804,Light,Heavy,"[0, 1, 2, 3, 4, 5, 6, 7, 8, 9, 10, 11]",1.00,0.0,0.79,RandomForest
1787845843.9200704,11940,Light,Heavy,"[0, 1, 2, 3, 4, 5, 6, 7, 8, 9, 10, 11]",1.00,0.0,0.82,RandomForest
1787845844.9477406,6360,Heavy,Heavy,"[0, 1, 2, 3, 4, 5, 6, 7, 8, 9, 10, 11]",1.00,0.0,0.96,RandomForest
1787845844.9477406,43412,Heavy,Heavy,"[0, 1, 2, 3, 4, 5, 6, 7, 8, 9, 10, 11]",1.00,0.0,0.96,RandomForest
1787845844.9477406,42804,Light,Heavy,"[0, 1, 2, 3, 4, 5, 6, 7, 8, 9, 10, 11]",1.00,0.0,0.88,RandomForest
1787845844.9477406,11940,Light,Heavy,"[0, 1, 2, 3, 4, 5, 6, 7, 8, 9, 10, 11]",1.00,0.0,0.85,RandomForest
1787845845.9755466,6360,Heavy,Heavy,"[0, 1, 2, 3, 4, 5, 6, 7, 8, 9, 10, 11]",1.00,0.0,0.94,RandomForest
1787845845.9755466,43412,Heavy,Heavy,"[0, 1, 2, 3, 4, 5, 6, 7, 8, 9, 10, 11]",1.00,0.0,0.83,RandomForest
1787845845.9755466,42804,Light,Heavy,"[0, 1, 2, 3, 4, 5, 6, 7, 8, 9, 10, 11]",1.00,0.0,0.81,RandomForest
1787845845.9755466,11940,Light,Heavy,"[0, 1, 2, 3, 4, 5, 6, 7, 8, 9, 10, 11]",1.00,0.0,0.82,RandomForest
1787845847.002485,6360,Heavy,Heavy,"[0, 1, 2, 3, 4, 5, 6, 7, 8, 9, 10, 11]",1.00,0.0,0.97,RandomForest
1787845847.002485,43412,Heavy,Heavy,"[0, 1, 2, 3, 4, 5, 6, 7, 8, 9, 10, 11]",1.00,0.0,0.91,RandomForest
1787845847.002485,42804,Light,Heavy,"[0, 1, 2, 3, 4, 5, 6, 7, 8, 9, 10, 11]",1.00,0.0,0.87,RandomForest
1787845847.002485,11940,Light,Heavy,"[0, 1, 2, 3, 4, 5, 6, 7, 8, 9, 10, 11]",1.00,0.0,0.82,RandomForest
1787845848.0314338,6360,Heavy,Heavy,"[0, 1, 2, 3, 4, 5, 6, 7, 8, 9, 10, 11]",1.00,0.0,0.96,RandomForest
1787845848.0314338,43412,Heavy,Heavy,"[0, 1, 2, 3, 4, 5, 6, 7, 8, 9, 10, 11]",1.00,0.0,0.88,RandomForest
1787845848.0314338,42804,Light,Heavy,"[0, 1, 2, 3, 4, 5, 6, 7, 8, 9, 10, 11]",1.00,0.0,0.78,RandomForest
1787845848.0314338,11940,Light,Heavy,"[0, 1, 2, 3, 4, 5, 6, 7, 8, 9, 10, 11]",1.00,0.0,0.79,RandomForest
1787845849.0591216,6360,Heavy,Heavy,"[0, 1, 2, 3, 4, 5, 6, 7, 8, 9, 10, 11]",1.00,0.0,0.96,RandomForest
1787845849.0591216,43412,Heavy,Heavy,"[0, 1, 2, 3, 4, 5, 6, 7, 8, 9, 10, 11]",1.00,0.0,0.88,RandomForest
1787845849.0591216,42804,Light,Heavy,"[0, 1, 2, 3, 4, 5, 6, 7, 8, 9, 10, 11]",1.00,0.0,0.87,RandomForest
1787845849.0591216,11940,Light,Heavy,"[0, 1, 2, 3, 4, 5, 6, 7, 8, 9, 10, 11]",1.00,0.0,0.83,RandomForest
1787845850.0868957,6360,Heavy,Heavy,"[0, 1, 2, 3, 4, 5, 6, 7, 8, 9, 10, 11]",1.00,0.0,0.96,RandomForest
1787845850.0868957,43412,Heavy,Heavy,"[0, 1, 2, 3, 4, 5, 6, 7, 8, 9, 10, 11]",1.00,0.0,0.86,RandomForest
1787845850.0868957,42804,Light,Heavy,"[0, 1, 2, 3, 4, 5, 6, 7, 8, 9, 10, 11]",1.00,0.0,0.83,RandomForest
1787845850.0868957,11940,Light,Heavy,"[0, 1, 2, 3, 4, 5, 6, 7, 8, 9, 10, 11]",1.00,0.0,0.86,RandomForest
1787845851.114405,6360,Heavy,Heavy,"[0, 1, 2, 3, 4, 5, 6, 7, 8, 9, 10, 11]",1.00,0.0,1.13,RandomForest
1787845851.114405,43412,Heavy,Heavy,"[0, 1, 2, 3, 4, 5, 6, 7, 8, 9, 10, 11]",1.00,0.0,0.88,RandomForest
1787845851.114405,42804,Light,Heavy,"[0, 1, 2, 3, 4, 5, 6, 7, 8, 9, 10, 11]",1.00,0.0,1.02,RandomForest
1787845851.114405,11940,Light,Heavy,"[0, 1, 2, 3, 4, 5, 6, 7, 8, 9, 10, 11]",1.00,0.0,1.16,RandomForest
1787845852.1429496,6360,Heavy,Heavy,"[0, 1, 2, 3, 4, 5, 6, 7, 8, 9, 10, 11]",1.00,0.0,0.99,RandomForest
1787845852.1429496,43412,Heavy,Heavy,"[0, 1, 2, 3, 4, 5, 6, 7, 8, 9, 10, 11]",1.00,0.0,0.91,RandomForest
1787845852.1429496,42804,Light,Heavy,"[0, 1, 2, 3, 4, 5, 6, 7, 8, 9, 10, 11]",1.00,0.0,0.95,RandomForest
1787845852.1429496,11940,Light,Heavy,"[0, 1, 2, 3, 4, 5, 6, 7, 8, 9, 10, 11]",1.00,0.0,0.89,RandomForest
1787845853.1717713,6360,Heavy,Heavy,"[0, 1, 2, 3, 4, 5, 6, 7, 8, 9, 10, 11]",1.00,0.0,0.97,RandomForest
1787845853.1717713,43412,Heavy,Heavy,"[0, 1, 2, 3, 4, 5, 6, 7, 8, 9, 10, 11]",1.00,0.0,0.87,RandomForest
1787845853.1717713,42804,Light,Heavy,"[0, 1, 2, 3, 4, 5, 6, 7, 8, 9, 10, 11]",1.00,0.0,0.89,RandomForest
1787845853.1717713,11940,Light,Heavy,"[0, 1, 2, 3, 4, 5, 6, 7, 8, 9, 10, 11]",1.00,0.0,0.87,RandomForest
1787845854.2009056,6360,Heavy,Heavy,"[0, 1, 2, 3, 4, 5, 6, 7, 8, 9, 10, 11]",1.00,0.0,0.96,RandomForest
1787845854.2009056,43412,Heavy,Heavy,"[0, 1, 2, 3, 4, 5, 6, 7, 8, 9, 10, 11]",1.00,0.0,0.86,RandomForest
1787845854.2009056,42804,Light,Heavy,"[0, 1, 2, 3, 4, 5, 6, 7, 8, 9, 10, 11]",1.00,0.0,0.78,RandomForest
1787845854.2009056,11940,Light,Heavy,"[0, 1, 2, 3, 4, 5, 6, 7, 8, 9, 10, 11]",1.00,0.0,0.81,RandomForest
1787845855.2276819,6360,Heavy,Heavy,"[0, 1, 2, 3, 4, 5, 6, 7, 8, 9, 10, 11]",1.00,0.0,0.94,RandomForest
1787845855.2276819,43412,Heavy,Heavy,"[0, 1, 2, 3, 4, 5, 6, 7, 8, 9, 10, 11]",1.00,0.0,0.90,RandomForest
1787845855.2276819,42804,Light,Heavy,"[0, 1, 2, 3, 4, 5, 6, 7, 8, 9, 10, 11]",1.00,0.0,0.90,RandomForest
1787845855.2276819,11940,Light,Heavy,"[0, 1, 2, 3, 4, 5, 6, 7, 8, 9, 10, 11]",1.00,0.0,0.87,RandomForest
1787845856.2553399,6360,Heavy,Heavy,"[0, 1, 2, 3, 4, 5, 6, 7, 8, 9, 10, 11]",1.00,0.0,0.96,RandomForest
1787845856.2553399,43412,Heavy,Heavy,"[0, 1, 2, 3, 4, 5, 6, 7, 8, 9, 10, 11]",1.00,0.0,0.88,RandomForest
1787845856.2553399,42804,Light,Heavy,"[0, 1, 2, 3, 4, 5, 6, 7, 8, 9, 10, 11]",1.00,0.0,0.96,RandomForest
1787845856.2553399,11940,Light,Heavy,"[0, 1, 2, 3, 4, 5, 6, 7, 8, 9, 10, 11]",1.00,0.0,0.94,RandomForest
1787845857.2836716,6360,Heavy,Heavy,"[0, 1, 2, 3, 4, 5, 6, 7, 8, 9, 10, 11]",1.00,0.0,0.98,RandomForest
1787845857.2836716,43412,Heavy,Heavy,"[0, 1, 2, 3, 4, 5, 6, 7, 8, 9, 10, 11]",1.00,0.0,0.92,RandomForest
1787845857.2836716,42804,Light,Heavy,"[0, 1, 2, 3, 4, 5, 6, 7, 8, 9, 10, 11]",1.00,0.0,0.89,RandomForest
1787845857.2836716,11940,Light,Heavy,"[0, 1, 2, 3, 4, 5, 6, 7, 8, 9, 10, 11]",1.00,0.0,3.70,RandomForest
1787845858.3154316,6360,Heavy,Heavy,"[0, 1, 2, 3, 4, 5, 6, 7, 8, 9, 10, 11]",1.00,0.0,1.20,RandomForest
1787845858.3154316,43412,Heavy,Heavy,"[0, 1, 2, 3, 4, 5, 6, 7, 8, 9, 10, 11]",1.00,0.0,0.87,RandomForest
1787845858.3154316,42804,Light,Heavy,"[0, 1, 2, 3, 4, 5, 6, 7, 8, 9, 10, 11]",1.00,0.0,0.77,RandomForest
1787845858.3154316,11940,Light,Heavy,"[0, 1, 2, 3, 4, 5, 6, 7, 8, 9, 10, 11]",1.00,0.0,0.86,RandomForest
1787845859.3434973,6360,Heavy,Heavy,"[0, 1, 2, 3, 4, 5, 6, 7, 8, 9, 10, 11]",1.00,0.0,0.95,RandomForest
1787845859.3434973,43412,Heavy,Heavy,"[0, 1, 2, 3, 4, 5, 6, 7, 8, 9, 10, 11]",1.00,0.0,0.96,RandomForest
1787845859.3434973,42804,Light,Heavy,"[0, 1, 2, 3, 4, 5, 6, 7, 8, 9, 10, 11]",1.00,0.0,0.94,RandomForest
1787845859.3434973,11940,Light,Heavy,"[0, 1, 2, 3, 4, 5, 6, 7, 8, 9, 10, 11]",1.00,0.0,0.86,RandomForest
1787845860.3715932,6360,Heavy,Heavy,"[0, 1, 2, 3, 4, 5, 6, 7, 8, 9, 10, 11]",1.00,0.0,1.00,RandomForest
1787845860.3715932,43412,Heavy,Heavy,"[0, 1, 2, 3, 4, 5, 6, 7, 8, 9, 10, 11]",1.00,0.0,0.92,RandomForest
1787845860.3715932,42804,Light,Heavy,"[0, 1, 2, 3, 4, 5, 6, 7, 8, 9, 10, 11]",1.00,0.0,1.01,RandomForest
1787845860.3715932,11940,Light,Heavy,"[0, 1, 2, 3, 4, 5, 6, 7, 8, 9, 10, 11]",1.00,0.0,0.98,RandomForest
1787845861.4010422,6360,Heavy,Heavy,"[0, 1, 2, 3, 4, 5, 6, 7, 8, 9, 10, 11]",1.00,0.0,1.54,RandomForest
1787845861.4010422,43412,Heavy,Heavy,"[0, 1, 2, 3, 4, 5, 6, 7, 8, 9, 10, 11]",1.00,0.0,1.25,RandomForest
1787845861.4010422,42804,Light,Heavy,"[0, 1, 2, 3, 4, 5, 6, 7, 8, 9, 10, 11]",1.00,0.0,1.19,RandomForest
1787845861.4010422,11940,Light,Heavy,"[0, 1, 2, 3, 4, 5, 6, 7, 8, 9, 10, 11]",1.00,0.0,1.05,RandomForest
1787845862.4418805,6360,Heavy,Heavy,"[0, 1, 2, 3, 4, 5, 6, 7, 8, 9, 10, 11]",1.00,0.0,0.96,RandomForest
1787845862.4418805,43412,Heavy,Heavy,"[0, 1, 2, 3, 4, 5, 6, 7, 8, 9, 10, 11]",1.00,0.0,1.09,RandomForest
1787845862.4418805,42804,Light,Heavy,"[0, 1, 2, 3, 4, 5, 6, 7, 8, 9, 10, 11]",1.00,0.0,0.81,RandomForest
1787845862.4418805,11940,Light,Heavy,"[0, 1, 2, 3, 4, 5, 6, 7, 8, 9, 10, 11]",1.00,0.0,0.78,RandomForest
1787845863.4692397,6360,Heavy,Heavy,"[0, 1, 2, 3, 4, 5, 6, 7, 8, 9, 10, 11]",1.00,0.0,1.00,RandomForest
1787845863.4692397,43412,Heavy,Heavy,"[0, 1, 2, 3, 4, 5, 6, 7, 8, 9, 10, 11]",1.00,0.0,0.86,RandomForest
1787845863.4692397,42804,Light,Heavy,"[0, 1, 2, 3, 4, 5, 6, 7, 8, 9, 10, 11]",1.00,0.0,0.85,RandomForest
1787845863.4692397,11940,Light,Heavy,"[0, 1, 2, 3, 4, 5, 6, 7, 8, 9, 10, 11]",1.00,0.0,0.81,RandomForest
1787845864.4967456,6360,Heavy,Heavy,"[0, 1, 2, 3, 4, 5, 6, 7, 8, 9, 10, 11]",1.00,0.0,0.94,RandomForest
1787845864.4967456,43412,Heavy,Heavy,"[0, 1, 2, 3, 4, 5, 6, 7, 8, 9, 10, 11]",1.00,0.0,0.83,RandomForest
1787845864.4967456,42804,Light,Heavy,"[0, 1, 2, 3, 4, 5, 6, 7, 8, 9, 10, 11]",1.00,0.0,0.81,RandomForest
1787845864.4967456,11940,Light,Heavy,"[0, 1, 2, 3, 4, 5, 6, 7, 8, 9, 10, 11]",1.00,0.0,0.80,RandomForest
1787845865.5235913,6360,Heavy,Heavy,"[0, 1, 2, 3, 4, 5, 6, 7, 8, 9, 10, 11]",1.00,0.0,0.97,RandomForest
1787845865.5235913,43412,Heavy,Heavy,"[0, 1, 2, 3, 4, 5, 6, 7, 8, 9, 10, 11]",1.00,0.0,0.91,RandomForest
1787845865.5235913,42804,Light,Heavy,"[0, 1, 2, 3, 4, 5, 6, 7, 8, 9, 10, 11]",1.00,0.0,0.94,RandomForest
1787845865.5235913,11940,Light,Heavy,"[0, 1, 2, 3, 4, 5, 6, 7, 8, 9, 10, 11]",1.00,0.0,0.93,RandomForest
1787845866.5523646,6360,Heavy,Heavy,"[0, 1, 2, 3, 4, 5, 6, 7, 8, 9, 10, 11]",1.00,0.0,1.20,RandomForest
1787845866.5523646,43412,Heavy,Heavy,"[0, 1, 2, 3, 4, 5, 6, 7, 8, 9, 10, 11]",1.00,0.0,0.89,RandomForest
1787845866.5523646,42804,Light,Heavy,"[0, 1, 2, 3, 4, 5, 6, 7, 8, 9, 10, 11]",1.00,0.0,0.87,RandomForest
1787845866.5523646,11940,Light,Heavy,"[0, 1, 2, 3, 4, 5, 6, 7, 8, 9, 10, 11]",1.00,0.0,0.96,RandomForest
1787845867.5856144,6360,Heavy,Heavy,"[0, 1, 2, 3, 4, 5, 6, 7, 8, 9, 10, 11]",1.00,0.0,1.32,RandomForest
1787845867.5856144,43412,Heavy,Heavy,"[0, 1, 2, 3, 4, 5, 6, 7, 8, 9, 10, 11]",1.00,0.0,0.98,RandomForest
1787845867.5856144,42804,Light,Heavy,"[0, 1, 2, 3, 4, 5, 6, 7, 8, 9, 10, 11]",1.00,0.0,0.98,RandomForest
1787845867.5856144,11940,Light,Heavy,"[0, 1, 2, 3, 4, 5, 6, 7, 8, 9, 10, 11]",1.00,0.0,1.01,RandomForest
1787845868.6166458,6360,Heavy,Heavy,"[0, 1, 2, 3, 4, 5, 6, 7, 8, 9, 10, 11]",1.00,0.0,1.10,RandomForest
1787845868.6166458,43412,Heavy,Heavy,"[0, 1, 2, 3, 4, 5, 6, 7, 8, 9, 10, 11]",1.00,0.0,0.98,RandomForest
1787845868.6166458,42804,Light,Heavy,"[0, 1, 2, 3, 4, 5, 6, 7, 8, 9, 10, 11]",1.00,0.0,0.99,RandomForest
1787845868.6166458,11940,Light,Heavy,"[0, 1, 2, 3, 4, 5, 6, 7, 8, 9, 10, 11]",1.00,0.0,1.01,RandomForest
1787845869.6489227,6360,Heavy,Heavy,"[0, 1, 2, 3, 4, 5, 6, 7, 8, 9, 10, 11]",1.00,0.0,1.05,RandomForest
1787845869.6489227,43412,Heavy,Heavy,"[0, 1, 2, 3, 4, 5, 6, 7, 8, 9, 10, 11]",1.00,0.0,0.96,RandomForest
1787845869.6489227,42804,Light,Heavy,"[0, 1, 2, 3, 4, 5, 6, 7, 8, 9, 10, 11]",1.00,0.0,0.94,RandomForest
1787845869.6489227,11940,Light,Heavy,"[0, 1, 2, 3, 4, 5, 6, 7, 8, 9, 10, 11]",1.00,0.0,0.98,RandomForest
1787845870.6788793,6360,Heavy,Heavy,"[0, 1, 2, 3, 4, 5, 6, 7, 8, 9, 10, 11]",1.00,0.0,0.99,RandomForest
1787845870.6788793,43412,Heavy,Heavy,"[0, 1, 2, 3, 4, 5, 6, 7, 8, 9, 10, 11]",1.00,0.0,0.96,RandomForest
1787845870.6788793,42804,Light,Heavy,"[0, 1, 2, 3, 4, 5, 6, 7, 8, 9, 10, 11]",1.00,0.0,0.93,RandomForest
1787845870.6788793,11940,Light,Heavy,"[0, 1, 2, 3, 4, 5, 6, 7, 8, 9, 10, 11]",1.00,0.0,1.02,RandomForest
1787845871.7081318,6360,Heavy,Heavy,"[0, 1, 2, 3, 4, 5, 6, 7, 8, 9, 10, 11]",1.00,0.0,1.00,RandomForest
1787845871.7081318,43412,Heavy,Heavy,"[0, 1, 2, 3, 4, 5, 6, 7, 8, 9, 10, 11]",1.00,0.0,0.97,RandomForest
1787845871.7081318,42804,Light,Heavy,"[0, 1, 2, 3, 4, 5, 6, 7, 8, 9, 10, 11]",1.00,0.0,0.93,RandomForest
1787845871.7081318,11940,Light,Heavy,"[0, 1, 2, 3, 4, 5, 6, 7, 8, 9, 10, 11]",1.00,0.0,0.91,RandomForest
1787845872.7416937,6360,Heavy,Heavy,"[0, 1, 2, 3, 4, 5, 6, 7, 8, 9, 10, 11]",1.00,0.0,2.27,RandomForest
1787845872.7416937,43412,Heavy,Heavy,"[0, 1, 2, 3, 4, 5, 6, 7, 8, 9, 10, 11]",1.00,0.0,2.26,RandomForest
1787845872.7416937,42804,Light,Heavy,"[0, 1, 2, 3, 4, 5, 6, 7, 8, 9, 10, 11]",1.00,0.0,2.27,RandomForest
1787845872.7416937,11940,Light,Heavy,"[0, 1, 2, 3, 4, 5, 6, 7, 8, 9, 10, 11]",1.00,0.0,2.98,RandomForest
1787845873.979004,6360,Heavy,Heavy,"[0, 1, 2, 3, 4, 5, 6, 7, 8, 9, 10, 11]",1.00,0.0,2.16,RandomForest
1787845873.979004,43412,Heavy,Heavy,"[0, 1, 2, 3, 4, 5, 6, 7, 8, 9, 10, 11]",1.00,0.0,2.31,RandomForest
1787845873.979004,42804,Light,Heavy,"[0, 1, 2, 3, 4, 5, 6, 7, 8, 9, 10, 11]",1.00,0.0,2.58,RandomForest
1787845873.979004,11940,Light,Heavy,"[0, 1, 2, 3, 4, 5, 6, 7, 8, 9, 10, 11]",1.00,0.0,2.50,RandomForest
1787845875.1274102,6360,Heavy,Heavy,"[0, 1, 2, 3, 4, 5, 6, 7, 8, 9, 10, 11]",1.00,0.0,2.27,RandomForest
1787845875.1274102,43412,Heavy,Heavy,"[0, 1, 2, 3, 4, 5, 6, 7, 8, 9, 10, 11]",1.00,0.0,2.25,RandomForest
1787845875.1274102,42804,Light,Heavy,"[0, 1, 2, 3, 4, 5, 6, 7, 8, 9, 10, 11]",1.00,0.0,2.26,RandomForest
1787845875.1274102,11940,Light,Heavy,"[0, 1, 2, 3, 4, 5, 6, 7, 8, 9, 10, 11]",1.00,0.0,2.18,RandomForest
1787845876.2286613,6360,Heavy,Heavy,"[0, 1, 2, 3, 4, 5, 6, 7, 8, 9, 10, 11]",1.00,0.0,1.88,RandomForest
1787845876.2286613,43412,Heavy,Heavy,"[0, 1, 2, 3, 4, 5, 6, 7, 8, 9, 10, 11]",1.00,0.0,2.55,RandomForest
1787845876.2286613,42804,Light,Heavy,"[0, 1, 2, 3, 4, 5, 6, 7, 8, 9, 10, 11]",1.00,0.0,2.15,RandomForest
1787845876.2286613,11940,Light,Heavy,"[0, 1, 2, 3, 4, 5, 6, 7, 8, 9, 10, 11]",1.00,0.0,2.17,RandomForest
