timestamp,pid,true_type,action,assigned_cores,decision_source,cpu_percent,vol_ctx_rate,invol_ctx_rate,time_since_switch,current_core_assignment,reward,cumulative_regret,confidence_ucb,alpha_param,beta_param
1787905894.2081728,31672,Heavy,E-core,"[12, 13, 14, 15, 16, 17, 18, 19, 20, 21, 22, 23]",heuristic,0.0,96.3,0.0,1.0,1.0,-0.0900,639.8700,0.0000,0.7,0.3
1787905894.2081728,24336,Light,E-core,"[12, 13, 14, 15, 16, 17, 18, 19, 20, 21, 22, 23]",heuristic,0.0,15.6,0.0,1.0,1.0,-0.0900,639.8700,0.0000,0.7,0.3
1787905894.2081728,20276,Light,E-core,"[12, 13, 14, 15, 16, 17, 18, 19, 20, 21, 22, 23]",heuristic,0.0,16.5,0.0,1.0,1.0,-0.0900,639.8700,0.0000,0.7,0.3
1787905895.2403696,17632,Heavy,E-core,"[12, 13, 14, 15, 16, 17, 18, 19, 20, 21, 22, 23]",heuristic,0.0,149.2,0.0,1.0,1.0,-0.0900,639.8700,0.0000,0.7,0.3
1787905895.2403696,31672,Heavy,E-core,"[12, 13, 14, 15, 16, 17, 18, 19, 20, 21, 22, 23]",heuristic,0.0,189.9,0.0,1.0,1.0,-0.0900,639.8700,0.0000,0.7,0.3
1787905895.2403696,24336,Light,E-core,"[12, 13, 14, 15, 16, 17, 18, 19, 20, 21, 22, 23]",heuristic,0.0,9.7,0.0,1.0,1.0,-0.0900,639.8700,0.0000,0.7,0.3
1787905895.2403696,20276,Light,E-core,"[12, 13, 14, 15, 16, 17, 18, 19, 20, 21, 22, 23]",heuristic,0.0,11.6,0.0,1.0,1.0,-0.0900,639.8700,0.0000,0.7,0.3
1787905896.2641141,17632,Heavy,E-core,"[12, 13, 14, 15, 16, 17, 18, 19, 20, 21, 22, 23]",heuristic,0.0,207.1,0.0,1.0,1.0,-0.0900,639.8700,0.0000,0.7,0.3
1787905896.2641141,31672,Heavy,E-core,"[12, 13, 14, 15, 16, 17, 18, 19, 20, 21, 22, 23]",heuristic,0.0,271.6,0.0,1.0,1.0,-0.0900,639.8700,0.0000,0.7,0.3
1787905896.2641141,24336,Light,E-core,"[12, 13, 14, 15, 16, 17, 18, 19, 20, 21, 22, 23]",heuristic,0.0,14.7,0.0,1.0,1.0,-0.0900,639.8700,0.0000,0.7,0.3
1787905896.2641141,20276,Light,E-core,"[12, 13, 14, 15, 16, 17, 18, 19, 20, 21, 22, 23]",heuristic,0.0,14.7,0.0,1.0,1.0,-0.0900,639.8700,0.0000,0.7,0.3
1787905897.2874773,17632,Heavy,E-core,"[12, 13, 14, 15, 16, 17, 18, 19, 20, 21, 22, 23]",heuristic,0.0,226.7,0.0,1.0,1.0,-0.0900,639.8700,0.0000,0.7,0.3
1787905897.2874773,31672,Heavy,E-core,"[12, 13, 14, 15, 16, 17, 18, 19, 20, 21, 22, 23]",heuristic,0.0,230.6,0.0,1.0,1.0,-0.0900,639.8700,0.0000,0.7,0.3
1787905897.2874773,24336,Light,E-core,"[12, 13, 14, 15, 16, 17, 18, 19, 20, 21, 22, 23]",heuristic,0.0,13.7,0.0,1.0,1.0,-0.0900,639.8700,0.0000,0.7,0.3
1787905897.2874773,20276,Light,E-core,"[12, 13, 14, 15, 16, 17, 18, 19, 20, 21, 22, 23]",heuristic,0.0,15.6,0.0,1.0,1.0,-0.0900,639.8700,0.0000,0.7,0.3
1787905898.3152993,17632,Heavy,E-core,"[12, 13, 14, 15, 16, 17, 18, 19, 20, 21, 22, 23]",heuristic,0.0,278.3,0.0,1.0,1.0,-0.0900,639.8700,0.0000,0.7,0.3
1787905898.3152993,31672,Heavy,E-core,"[12, 13, 14, 15, 16, 17, 18, 19, 20, 21, 22, 23]",heuristic,0.0,232.5,0.0,1.0,1.0,-0.0900,639.8700,0.0000,0.7,0.3
1787905898.3152993,24336,Light,E-core,"[12, 13, 14, 15, 16, 17, 18, 19, 20, 21, 22, 23]",heuristic,0.0,13.6,0.0,1.0,1.0,-0.0900,639.8700,0.0000,0.7,0.3
1787905898.3152993,20276,Light,E-core,"[12, 13, 14, 15, 16, 17, 18, 19, 20, 21, 22, 23]",heuristic,0.0,27.2,0.0,1.0,1.0,-0.0900,639.8700,0.0000,0.7,0.3
1787905899.339498,17632,Heavy,E-core,"[12, 13, 14, 15, 16, 17, 18, 19, 20, 21, 22, 23]",heuristic,0.0,108.4,0.0,1.0,1.0,-0.0900,639.8700,0.0000,0.7,0.3
1787905899.339498,31672,Heavy,E-core,"[12, 13, 14, 15, 16, 17, 18, 19, 20, 21, 22, 23]",heuristic,0.0,211.9,0.0,1.0,1.0,-0.0900,639.8700,0.0000,0.7,0.3
1787905899.339498,24336,Light,E-core,"[12, 13, 14, 15, 16, 17, 18, 19, 20, 21, 22, 23]",heuristic,0.0,9.8,0.0,1.0,1.0,-0.0900,639.8700,0.0000,0.7,0.3
1787905899.339498,20276,Light,E-core,"[12, 13, 14, 15, 16, 17, 18, 19, 20, 21, 22, 23]",heuristic,0.0,13.7,0.0,1.0,1.0,-0.0900,639.8700,0.0000,0.7,0.3
1787905900.3636477,17632,Heavy,E-core,"[12, 13, 14, 15, 16, 17, 18, 19, 20, 21, 22, 23]",heuristic,0.0,319.3,0.0,1.0,1.0,-0.0900,639.8700,0.0000,0.7,0.3
1787905900.3636477,31672,Heavy,E-core,"[12, 13, 14, 15, 16, 17, 18, 19, 20, 21, 22, 23]",heuristic,0.0,261.7,0.0,1.0,1.0,-0.0900,639.8700,0.0000,0.7,0.3
1787905900.3636477,24336,Light,E-core,"[12, 13, 14, 15, 16, 17, 18, 19, 20, 21, 22, 23]",heuristic,0.0,13.7,0.0,1.0,1.0,-0.0900,639.8700,0.0000,0.7,0.3
1787905900.3636477,20276,Light,E-core,"[12, 13, 14, 15, 16, 17, 18, 19, 20, 21, 22, 23]",heuristic,0.0,13.7,0.0,1.0,1.0,-0.0900,639.8700,0.0000,0.7,0.3
1787905901.3992941,17632,Heavy,E-core,"[12, 13, 14, 15, 16, 17, 18, 19, 20, 21, 22, 23]",heuristic,0.0,543.6,0.0,1.0,1.0,-0.0900,639.8700,0.0000,0.7,0.3
1787905901.3992941,31672,Heavy,E-core,"[12, 13, 14, 15, 16, 17, 18, 19, 20, 21, 22, 23]",heuristic,0.0,503.1,0.0,1.0,1.0,-0.0900,639.8700,0.0000,0.7,0.3
1787905901.3992941,24336,Light,E-core,"[12, 13, 14, 15, 16, 17, 18, 19, 20, 21, 22, 23]",heuristic,0.0,23.2,0.0,1.0,1.0,-0.0900,639.8700,0.0000,0.7,0.3
1787905901.3992941,20276,Light,E-core,"[12, 13, 14, 15, 16, 17, 18, 19, 20, 21, 22, 23]",heuristic,0.0,16.4,0.0,1.0,1.0,-0.0900,639.8700,0.0000,0.7,0.3
1787905902.4708807,17632,Heavy,E-core,"[12, 13, 14, 15, 16, 17, 18, 19, 20, 21, 22, 23]",heuristic,0.0,501.1,0.0,1.1,1.0,-0.0900,639.8700,0.0000,0.7,0.3
1787905902.4708807,31672,Heavy,E-core,"[12, 13, 14, 15, 16, 17, 18, 19, 20, 21, 22, 23]",heuristic,0.0,620.6,0.0,1.1,1.0,-0.0900,639.8700,0.0000,0.7,0.3
1787905902.4708807,24336,Light,E-core,"[12, 13, 14, 15, 16, 17, 18, 19, 20, 21, 22, 23]",heuristic,0.0,15.9,0.0,1.1,1.0,-0.0900,639.8700,0.0000,0.7,0.3
1787905902.4708807,20276,Light,E-core,"[12, 13, 14, 15, 16, 17, 18, 19, 20, 21, 22, 23]",heuristic,0.0,22.4,0.0,1.1,1.0,-0.0900,639.8700,0.0000,0.7,0.3
1787905903.556865,17632,Heavy,E-core,"[12, 13, 14, 15, 16, 17, 18, 19, 20, 21, 22, 23]",heuristic,0.0,529.5,0.0,1.1,1.0,-0.0900,639.8700,0.0000,0.7,0.3
1787905903.556865,31672,Heavy,E-core,"[12, 13, 14, 15, 16, 17, 18, 19, 20, 21, 22, 23]",heuristic,0.0,511.1,0.0,1.1,1.0,-0.0900,639.8700,0.0000,0.7,0.3
1787905903.556865,24336,Light,E-core,"[12, 13, 14, 15, 16, 17, 18, 19, 20, 21, 22, 23]",heuristic,0.0,19.3,0.0,1.1,1.0,-0.0900,639.8700,0.0000,0.7,0.3
1787905903.556865,20276,Light,E-core,"[12, 13, 14, 15, 16, 17, 18, 19, 20, 21, 22, 23]",heuristic,0.0,26.7,0.0,1.1,1.0,-0.0900,639.8700,0.0000,0.7,0.3
1787905904.6456785,17632,Heavy,E-core,"[12, 13, 14, 15, 16, 17, 18, 19, 20, 21, 22, 23]",heuristic,0.0,421.6,0.0,1.1,1.0,-0.0900,639.8700,0.0000,0.7,0.3
1787905904.6456785,31672,Heavy,E-core,"[12, 13, 14, 15, 16, 17, 18, 19, 20, 21, 22, 23]",heuristic,0.0,321.5,0.0,1.1,1.0,-0.0900,639.8700,0.0000,0.7,0.3
1787905904.6456785,24336,Light,E-core,"[12, 13, 14, 15, 16, 17, 18, 19, 20, 21, 22, 23]",heuristic,0.0,23.0,0.0,1.1,1.0,-0.0900,639.8700,0.0000,0.7,0.3
1787905904.6456785,20276,Light,E-core,"[12, 13, 14, 15, 16, 17, 18, 19, 20, 21, 22, 23]",heuristic,0.0,17.5,0.0,1.1,1.0,-0.0900,639.8700,0.0000,0.7,0.3
1787905905.70552,17632,Heavy,E-core,"[12, 13, 14, 15, 16, 17, 18, 19, 20, 21, 22, 23]",heuristic,0.0,413.3,0.0,1.1,1.0,-0.0900,639.8700,0.0000,0.7,0.3
1787905905.70552,31672,Heavy,E-core,"[12, 13, 14, 15, 16, 17, 18, 19, 20, 21, 22, 23]",heuristic,0.0,490.6,0.0,1.1,1.0,-0.0900,639.8700,0.0000,0.7,0.3
1787905905.70552,24336,Light,E-core,"[12, 13, 14, 15, 16, 17, 18, 19, 20, 21, 22, 23]",heuristic,0.0,16.0,0.0,1.1,1.0,-0.0900,639.8700,0.0000,0.7,0.3
1787905905.70552,20276,Light,E-core,"[12, 13, 14, 15, 16, 17, 18, 19, 20, 21, 22, 23]",heuristic,0.0,19.8,0.0,1.1,1.0,-0.0900,639.8700,0.0000,0.7,0.3
1787905906.7658143,17632,Heavy,E-core,"[12, 13, 14, 15, 16, 17, 18, 19, 20, 21, 22, 23]",heuristic,0.0,307.5,0.0,1.1,1.0,-0.0900,639.8700,0.0000,0.7,0.3
1787905906.7658143,31672,Heavy,E-core,"[12, 13, 14, 15, 16, 17, 18, 19, 20, 21, 22, 23]",heuristic,0.0,292.4,0.0,1.1,1.0,-0.0900,639.8700,0.0000,0.7,0.3
1787905906.7658143,24336,Light,E-core,"[12, 13, 14, 15, 16, 17, 18, 19, 20, 21, 22, 23]",heuristic,0.0,12.3,0.0,1.1,1.0,-0.0900,639.8700,0.0000,0.7,0.3
1787905906.7658143,20276,Light,E-core,"[12, 13, 14, 15, 16, 17, 18, 19, 20, 21, 22, 23]",heuristic,0.0,18.9,0.0,1.1,1.0,-0.0900,639.8700,0.0000,0.7,0.3
1787905907.8294044,17632,Heavy,E-core,"[12, 13, 14, 15, 16, 17, 18, 19, 20, 21, 22, 23]",heuristic,0.0,262.3,0.0,1.1,1.0,-0.0900,639.8700,0.0000,0.7,0.3
1787905907.8294044,31672,Heavy,E-core,"[12, 13, 14, 15, 16, 17, 18, 19, 20, 21, 22, 23]",heuristic,0.0,207.8,0.0,1.1,1.0,-0.0900,639.8700,0.0000,0.7,0.3
1787905907.8294044,24336,Light,E-core,"[12, 13, 14, 15, 16, 17, 18, 19, 20, 21, 22, 23]",heuristic,0.0,14.1,0.0,1.1,1.0,-0.0900,639.8700,0.0000,0.7,0.3
1787905907.8294044,20276,Light,E-core,"[12, 13, 14, 15, 16, 17, 18, 19, 20, 21, 22, 23]",heuristic,0.0,11.3,0.0,1.1,1.0,-0.0900,639.8700,0.0000,0.7,0.3
1787905908.8882158,17632,Heavy,E-core,"[12, 13, 14, 15, 16, 17, 18, 19, 20, 21, 22, 23]",heuristic,0.0,260.7,0.0,1.1,1.0,-0.0900,639.8700,0.0000,0.7,0.3
1787905908.8882158,31672,Heavy,E-core,"[12, 13, 14, 15, 16, 17, 18, 19, 20, 21, 22, 23]",heuristic,0.0,271.1,0.0,1.1,1.0,-0.0900,639.8700,0.0000,0.7,0.3
1787905908.8882158,24336,Light,E-core,"[12, 13, 14, 15, 16, 17, 18, 19, 20, 21, 22, 23]",heuristic,0.0,17.9,0.0,1.1,1.0,-0.0900,639.8700,0.0000,0.7,0.3
1787905908.8882158,20276,Light,E-core,"[12, 13, 14, 15, 16, 17, 18, 19, 20, 21, 22, 23]",heuristic,0.0,11.3,0.0,1.1,1.0,-0.0900,639.8700,0.0000,0.7,0.3
1787905909.9488206,17632,Heavy,E-core,"[12, 13, 14, 15, 16, 17, 18, 19, 20, 21, 22, 23]",heuristic,0.0,173.5,0.0,1.1,1.0,-0.0900,639.8700,0.0000,0.7,0.3
1787905909.9488206,31672,Heavy,E-core,"[12, 13, 14, 15, 16, 17, 18, 19, 20, 21, 22, 23]",heuristic,0.0,220.6,0.0,1.1,1.0,-0.0900,639.8700,0.0000,0.7,0.3
1787905909.9488206,24336,Light,E-core,"[12, 13, 14, 15, 16, 17, 18, 19, 20, 21, 22, 23]",heuristic,0.0,16.0,0.0,1.1,1.0,-0.0900,639.8700,0.0000,0.7,0.3
1787905909.9488206,20276,Light,E-core,"[12, 13, 14, 15, 16, 17, 18, 19, 20, 21, 22, 23]",heuristic,0.0,10.4,0.0,1.1,1.0,-0.0900,639.8700,0.0000,0.7,0.3
1787905911.0115557,17632,Heavy,E-core,"[12, 13, 14, 15, 16, 17, 18, 19, 20, 21, 22, 23]",heuristic,0.0,259.7,0.0,1.1,1.0,-0.0900,639.8700,0.0000,0.7,0.3
1787905911.0115557,31672,Heavy,E-core,"[12, 13, 14, 15, 16, 17, 18, 19, 20, 21, 22, 23]",heuristic,0.0,243.7,0.0,1.1,1.0,-0.0900,639.8700,0.0000,0.7,0.3
1787905911.0115557,24336,Light,E-core,"[12, 13, 14, 15, 16, 17, 18, 19, 20, 21, 22, 23]",heuristic,0.0,16.9,0.0,1.1,1.0,-0.0900,639.8700,0.0000,0.7,0.3
1787905911.0115557,20276,Light,E-core,"[12, 13, 14, 15, 16, 17, 18, 19, 20, 21, 22, 23]",heuristic,0.0,16.0,0.0,1.1,1.0,-0.0900,639.8700,0.0000,0.7,0.3
1787905912.0724428,17632,Heavy,E-core,"[12, 13, 14, 15, 16, 17, 18, 19, 20, 21, 22, 23]",heuristic,0.0,247.9,0.0,1.1,1.0,-0.0900,639.8700,0.0000,0.7,0.3
1787905912.0724428,31672,Heavy,E-core,"[12, 13, 14, 15, 16, 17, 18, 19, 20, 21, 22, 23]",heuristic,0.0,189.5,0.0,1.1,1.0,-0.0900,639.8700,0.0000,0.7,0.3
1787905912.0724428,24336,Light,E-core,"[12, 13, 14, 15, 16, 17, 18, 19, 20, 21, 22, 23]",heuristic,0.0,11.3,0.0,1.1,1.0,-0.0900,639.8700,0.0000,0.7,0.3
1787905912.0724428,20276,Light,E-core,"[12, 13, 14, 15, 16, 17, 18, 19, 20, 21, 22, 23]",heuristic,0.0,14.1,0.0,1.1,1.0,-0.0900,639.8700,0.0000,0.7,0.3
1787905913.1371622,17632,Heavy,P-core,"[0, 1, 2, 3, 4, 5, 6, 7, 8, 9, 10, 11]",bandit,0.0,194.4,0.0,1.1,1.0,-0.0900,639.8700,0.0140,0.7,0.3
1787905913.1371622,31672,Heavy,P-core,"[0, 1, 2, 3, 4, 5, 6, 7, 8, 9, 10, 11]",bandit,0.0,165.3,0.0,1.1,1.0,-0.0900,639.8700,0.0118,0.7,0.3
1787905913.1371622,24336,Light,P-core,"[0, 1, 2, 3, 4, 5, 6, 7, 8, 9, 10, 11]",bandit,0.0,12.2,0.0,1.1,1.0,-0.0900,639.8700,0.0078,0.7,0.3
1787905913.1371622,20276,Light,P-core,"[0, 1, 2, 3, 4, 5, 6, 7, 8, 9, 10, 11]",bandit,0.0,21.6,0.0,1.1,1.0,-0.0900,639.8700,0.0077,0.7,0.3
1787905914.1943467,17632,Heavy,P-core,"[0, 1, 2, 3, 4, 5, 6, 7, 8, 9, 10, 11]",bandit,0.0,445.5,0.0,1.1,0.0,-0.3000,640.0800,0.0710,0.7,0.3
1787905914.1943467,31672,Heavy,P-core,"[0, 1, 2, 3, 4, 5, 6, 7, 8, 9, 10, 11]",bandit,0.0,539.2,0.0,1.1,0.0,-0.3000,640.2900,0.0811,0.7,0.3
1787905914.1943467,24336,Light,E-core,"[12, 13, 14, 15, 16, 17, 18, 19, 20, 21, 22, 23]",bandit,0.0,12.3,0.0,1.1,0.0,-0.3000,640.5000,0.0575,0.7,0.3
1787905914.1943467,20276,Light,E-core,"[12, 13, 14, 15, 16, 17, 18, 19, 20, 21, 22, 23]",bandit,0.0,18.0,0.0,1.1,0.0,-0.3000,640.7100,0.0575,0.7,0.3
1787905915.2543015,17632,Heavy,P-core,"[0, 1, 2, 3, 4, 5, 6, 7, 8, 9, 10, 11]",bandit,0.0,371.7,0.0,1.1,0.0,-0.3000,640.9200,0.0644,0.7,0.3
1787905915.2543015,31672,Heavy,P-core,"[0, 1, 2, 3, 4, 5, 6, 7, 8, 9, 10, 11]",bandit,0.0,476.4,0.0,1.1,0.0,-0.3000,641.1300,0.0738,0.7,0.3
1787905915.2543015,24336,Light,P-core,"[0, 1, 2, 3, 4, 5, 6, 7, 8, 9, 10, 11]",bandit,0.0,14.2,0.0,1.1,1.0,-0.0900,641.1300,0.0078,0.7,0.3
1787905915.2543015,20276,Light,P-core,"[0, 1, 2, 3, 4, 5, 6, 7, 8, 9, 10, 11]",bandit,0.0,12.3,0.0,1.1,1.0,-0.0900,641.1300,0.0079,0.7,0.3
1787905916.3145938,17632,Heavy,P-core,"[0, 1, 2, 3, 4, 5, 6, 7, 8, 9, 10, 11]",bandit,0.0,543.2,0.0,1.1,0.0,-0.3000,641.3400,0.0808,0.7,0.3
1787905916.3145938,31672,Heavy,P-core,"[0, 1, 2, 3, 4, 5, 6, 7, 8, 9, 10, 11]",bandit,0.0,279.2,0.0,1.1,0.0,-0.3000,641.5500,0.0577,0.7,0.3
1787905916.3145938,24336,Light,E-core,"[12, 13, 14, 15, 16, 17, 18, 19, 20, 21, 22, 23]",bandit,0.0,12.3,0.0,1.1,0.0,-0.3000,641.7600,0.0574,0.7,0.3
1787905916.3145938,20276,Light,E-core,"[12, 13, 14, 15, 16, 17, 18, 19, 20, 21, 22, 23]",bandit,0.0,14.1,0.0,1.1,0.0,-0.3000,641.9700,0.0573,0.7,0.3
1787905917.3751075,17632,Heavy,P-core,"[0, 1, 2, 3, 4, 5, 6, 7, 8, 9, 10, 11]",bandit,0.0,479.0,0.0,1.1,0.0,-0.3000,642.1800,0.0734,0.7,0.3
1787905917.3751075,31672,Heavy,P-core,"[0, 1, 2, 3, 4, 5, 6, 7, 8, 9, 10, 11]",bandit,0.0,531.8,0.0,1.1,0.0,-0.3000,642.3900,0.0789,0.7,0.3
1787905917.3751075,24336,Light,P-core,"[0, 1, 2, 3, 4, 5, 6, 7, 8, 9, 10, 11]",bandit,0.0,11.3,0.0,1.1,1.0,-0.0900,642.3900,0.0083,0.7,0.3
1787905917.3751075,20276,Light,P-core,"[0, 1, 2, 3, 4, 5, 6, 7, 8, 9, 10, 11]",bandit,0.0,11.3,0.0,1.1,1.0,-0.0900,642.3900,0.0083,0.7,0.3
1787905918.4325695,17632,Heavy,P-core,"[0, 1, 2, 3, 4, 5, 6, 7, 8, 9, 10, 11]",bandit,0.0,670.5,0.0,1.1,0.0,-0.3000,642.6000,0.0950,0.7,0.3
1787905918.4325695,31672,Heavy,P-core,"[0, 1, 2, 3, 4, 5, 6, 7, 8, 9, 10, 11]",bandit,0.0,601.4,0.0,1.1,0.0,-0.3000,642.8100,0.0862,0.7,0.3
1787905918.4325695,24336,Light,E-core,"[12, 13, 14, 15, 16, 17, 18, 19, 20, 21, 22, 23]",bandit,0.0,11.3,0.0,1.1,0.0,-0.3000,643.0200,0.0572,0.7,0.3
1787905918.4325695,20276,Light,E-core,"[12, 13, 14, 15, 16, 17, 18, 19, 20, 21, 22, 23]",bandit,0.0,14.2,0.0,1.1,0.0,-0.3000,643.2300,0.0572,0.7,0.3
1787905919.4933765,17632,Heavy,P-core,"[0, 1, 2, 3, 4, 5, 6, 7, 8, 9, 10, 11]",bandit,0.0,566.5,0.0,1.1,0.0,-0.3000,643.4400,0.0819,0.7,0.3
1787905919.4933765,31672,Heavy,P-core,"[0, 1, 2, 3, 4, 5, 6, 7, 8, 9, 10, 11]",bandit,0.0,607.1,0.0,1.1,0.0,-0.3000,643.6500,0.0861,0.7,0.3
1787905919.4933765,24336,Light,P-core,"[0, 1, 2, 3, 4, 5, 6, 7, 8, 9, 10, 11]",bandit,0.0,12.3,0.0,1.1,1.0,-0.0900,643.6500,0.0087,0.7,0.3
1787905919.4933765,20276,Light,P-core,"[0, 1, 2, 3, 4, 5, 6, 7, 8, 9, 10, 11]",bandit,0.0,11.3,0.0,1.1,1.0,-0.0900,643.6500,0.0087,0.7,0.3
1787905920.5542855,17632,Heavy,P-core,"[0, 1, 2, 3, 4, 5, 6, 7, 8, 9, 10, 11]",bandit,0.0,324.3,0.0,1.1,0.0,-0.3000,643.8600,0.0589,0.7,0.3
1787905920.5542855,31672,Heavy,P-core,"[0, 1, 2, 3, 4, 5, 6, 7, 8, 9, 10, 11]",bandit,0.0,632.5,0.0,1.1,0.0,-0.3000,644.0700,0.0882,0.7,0.3
1787905920.5542855,24336,Light,E-core,"[12, 13, 14, 15, 16, 17, 18, 19, 20, 21, 22, 23]",bandit,0.0,17.0,0.0,1.1,0.0,-0.3000,644.2800,0.0571,0.7,0.3
1787905920.5542855,20276,Light,E-core,"[12, 13, 14, 15, 16, 17, 18, 19, 20, 21, 22, 23]",bandit,0.0,14.1,0.0,1.1,0.0,-0.3000,644.4900,0.0571,0.7,0.3
1787905921.6150324,31672,Heavy,P-core,"[0, 1, 2, 3, 4, 5, 6, 7, 8, 9, 10, 11]",bandit,0.0,458.2,0.0,1.1,0.0,-0.3000,644.7000,0.0691,0.7,0.3
1787905921.6150324,24336,Light,P-core,"[0, 1, 2, 3, 4, 5, 6, 7, 8, 9, 10, 11]",bandit,0.0,13.2,0.0,1.1,1.0,-0.0900,644.7000,0.0090,0.7,0.3
1787905921.6150324,20276,Light,P-core,"[0, 1, 2, 3, 4, 5, 6, 7, 8, 9, 10, 11]",bandit,0.0,17.9,0.0,1.1,1.0,-0.0900,644.7000,0.0089,0.7,0.3
1787905922.6622243,24336,Light,E-core,"[12, 13, 14, 15, 16, 17, 18, 19, 20, 21, 22, 23]",bandit,0.0,11.5,0.0,1.0,0.0,-0.3000,644.9100,0.0570,0.7,0.3
1787905922.6622243,20276,Light,E-core,"[12, 13, 14, 15, 16, 17, 18, 19, 20, 21, 22, 23]",bandit,0.0,9.5,0.0,1.0,0.0,-0.3000,645.1200,0.0570,0.7,0.3
1787905923.6964,24336,Light,P-core,"[0, 1, 2, 3, 4, 5, 6, 7, 8, 9, 10, 11]",bandit,0.0,12.6,0.0,1.0,1.0,-0.0900,645.1200,0.0089,0.7,0.3
1787905923.6964,20276,Light,P-core,"[0, 1, 2, 3, 4, 5, 6, 7, 8, 9, 10, 11]",bandit,0.0,11.6,0.0,1.0,1.0,-0.0900,645.1200,0.0089,0.7,0.3
1787905924.7334116,24336,Light,E-core,"[12, 13, 14, 15, 16, 17, 18, 19, 20, 21, 22, 23]",bandit,0.0,14.5,0.0,1.0,0.0,-0.3000,645.3300,0.0569,0.7,0.3
1787905924.7334116,20276,Light,E-core,"[12, 13, 14, 15, 16, 17, 18, 19, 20, 21, 22, 23]",bandit,0.0,14.5,0.0,1.0,0.0,-0.3000,645.5400,0.0569,0.7,0.3
1787905925.769915,24336,Light,P-core,"[0, 1, 2, 3, 4, 5, 6, 7, 8, 9, 10, 11]",bandit,0.0,18.3,0.0,1.0,1.0,-0.0900,645.5400,0.0086,0.7,0.3
1787905925.769915,20276,Light,P-core,"[0, 1, 2, 3, 4, 5, 6, 7, 8, 9, 10, 11]",bandit,0.0,12.5,0.0,1.0,1.0,-0.0900,645.5400,0.0088,0.7,0.3
1787905926.804566,24336,Light,P-core,"[0, 1, 2, 3, 4, 5, 6, 7, 8, 9, 10, 11]",bandit,0.0,10.6,0.0,1.0,0.0,-0.3000,645.7500,0.0569,0.7,0.3
1787905926.804566,20276,Light,P-core,"[0, 1, 2, 3, 4, 5, 6, 7, 8, 9, 10, 11]",bandit,0.0,13.5,0.0,1.0,0.0,-0.3000,645.9600,0.0569,0.7,0.3
1787905927.839397,24336,Light,E-core,"[12, 13, 14, 15, 16, 17, 18, 19, 20, 21, 22, 23]",bandit,0.0,10.6,0.0,1.0,0.0,-0.3000,646.1700,0.0568,0.7,0.3
1787905927.839397,20276,Light,E-core,"[12, 13, 14, 15, 16, 17, 18, 19, 20, 21, 22, 23]",bandit,0.0,10.6,0.0,1.0,0.0,-0.3000,646.3800,0.0568,0.7,0.3
1787905928.8731847,24336,Light,P-core,"[0, 1, 2, 3, 4, 5, 6, 7, 8, 9, 10, 11]",bandit,0.0,13.5,0.0,1.0,1.0,-0.0900,646.3800,0.0087,0.7,0.3
1787905928.8731847,20276,Light,P-core,"[0, 1, 2, 3, 4, 5, 6, 7, 8, 9, 10, 11]",bandit,0.0,12.6,0.0,1.0,1.0,-0.0900,646.3800,0.0087,0.7,0.3
1787905929.9103627,24336,Light,E-core,"[12, 13, 14, 15, 16, 17, 18, 19, 20, 21, 22, 23]",bandit,0.0,13.5,0.0,1.0,0.0,-0.3000,646.5900,0.0568,0.7,0.3
1787905929.9103627,20276,Light,E-core,"[12, 13, 14, 15, 16, 17, 18, 19, 20, 21, 22, 23]",bandit,0.0,13.5,0.0,1.0,0.0,-0.3000,646.8000,0.0567,0.7,0.3
1787905930.9458578,20276,Light,P-core,"[0, 1, 2, 3, 4, 5, 6, 7, 8, 9, 10, 11]",bandit,0.0,33.8,0.0,1.0,1.0,-0.0900,646.8000,0.0083,0.7,0.3
1787907507.8488274,10004,Heavy,E-core,"[12, 13, 14, 15, 16, 17, 18, 19, 20, 21, 22, 23]",heuristic,0.0,-0.1,0.0,4603.2,0.0,-0.0900,646.8000,0.0000,0.7,0.3
1787907508.9906962,11728,Heavy,E-core,"[12, 13, 14, 15, 16, 17, 18, 19, 20, 21, 22, 23]",heuristic,0.0,638.4,0.0,1.1,0.0,0.0000,646.8000,0.0000,0.7,0.3
1787907508.9906962,38828,Heavy,E-core,"[12, 13, 14, 15, 16, 17, 18, 19, 20, 21, 22, 23]",heuristic,0.0,761.9,0.0,1.1,0.0,0.0000,646.8000,0.0000,0.7,0.3
1787907508.9906962,25060,Heavy,E-core,"[12, 13, 14, 15, 16, 17, 18, 19, 20, 21, 22, 23]",heuristic,0.0,601.6,0.0,1.1,0.0,0.0000,646.8000,0.0000,0.7,0.3
1787907508.9906962,10004,Heavy,E-core,"[12, 13, 14, 15, 16, 17, 18, 19, 20, 21, 22, 23]",heuristic,0.0,99.8,0.0,1.1,1.0,-0.0900,646.8000,0.0000,0.7,0.3
1787907508.9906962,10536,Light,E-core,"[12, 13, 14, 15, 16, 17, 18, 19, 20, 21, 22, 23]",heuristic,0.0,2.6,0.0,1.1,0.0,0.0000,646.8000,0.0000,0.7,0.3
1787907508.9906962,17840,Light,E-core,"[12, 13, 14, 15, 16, 17, 18, 19, 20, 21, 22, 23]",heuristic,0.0,12.3,0.0,1.1,0.0,0.0000,646.8000,0.0000,0.7,0.3
1787907508.9906962,22700,Light,E-core,"[12, 13, 14, 15, 16, 17, 18, 19, 20, 21, 22, 23]",heuristic,0.0,3.5,0.0,1.1,0.0,0.0000,646.8000,0.0000,0.7,0.3
1787907508.9906962,32836,Light,E-core,"[12, 13, 14, 15, 16, 17, 18, 19, 20, 21, 22, 23]",heuristic,0.0,2.6,0.0,1.1,0.0,0.0000,646.8000,0.0000,0.7,0.3
1787907509.4961398,11728,Heavy,E-core,"[12, 13, 14, 15, 16, 17, 18, 19, 20, 21, 22, 23]",heuristic,0.0,407.5,0.0,1.1,1.0,0.0000,0.0000,0.0000,0.7,0.3
1787907509.4961398,38828,Heavy,E-core,"[12, 13, 14, 15, 16, 17, 18, 19, 20, 21, 22, 23]",heuristic,0.0,450.2,0.0,1.1,1.0,0.0000,0.0000,0.0000,0.7,0.3
1787907509.4961398,25060,Heavy,E-core,"[12, 13, 14, 15, 16, 17, 18, 19, 20, 21, 22, 23]",heuristic,0.0,400.4,0.0,1.1,1.0,0.0000,0.0000,0.0000,0.7,0.3
1787907509.4961398,10004,Heavy,E-core,"[12, 13, 14, 15, 16, 17, 18, 19, 20, 21, 22, 23]",heuristic,0.0,56.9,0.0,1.1,1.0,0.0000,0.0000,0.0000,0.7,0.3
1787907509.4961398,10536,Light,E-core,"[12, 13, 14, 15, 16, 17, 18, 19, 20, 21, 22, 23]",heuristic,0.0,1.8,0.0,1.1,1.0,0.0000,0.0000,0.0000,0.7,0.3
1787907509.4961398,17840,Light,E-core,"[12, 13, 14, 15, 16, 17, 18, 19, 20, 21, 22, 23]",heuristic,0.0,11.6,0.0,1.1,1.0,0.0000,0.0000,0.0000,0.7,0.3
1787907509.4961398,22700,Light,E-core,"[12, 13, 14, 15, 16, 17, 18, 19, 20, 21, 22, 23]",heuristic,0.0,4.4,0.0,1.1,1.0,0.0000,0.0000,0.0000,0.7,0.3
1787907509.4961398,32836,Light,E-core,"[12, 13, 14, 15, 16, 17, 18, 19, 20, 21, 22, 23]",heuristic,0.0,2.7,0.0,1.1,1.0,0.0000,0.0000,0.0000,0.7,0.3
1787907510.188165,11728,Heavy,E-core,"[12, 13, 14, 15, 16, 17, 18, 19, 20, 21, 22, 23]",heuristic,0.0,69.3,0.0,1.2,1.0,-0.0900,646.8000,0.0000,0.7,0.3
1787907510.188165,38828,Heavy,E-core,"[12, 13, 14, 15, 16, 17, 18, 19, 20, 21, 22, 23]",heuristic,0.0,26.7,0.0,1.2,1.0,-0.0900,646.8000,0.0000,0.7,0.3
1787907510.188165,25060,Heavy,E-core,"[12, 13, 14, 15, 16, 17, 18, 19, 20, 21, 22, 23]",heuristic,0.0,82.7,0.0,1.2,1.0,-0.0900,646.8000,0.0000,0.7,0.3
1787907510.188165,10004,Heavy,E-core,"[12, 13, 14, 15, 16, 17, 18, 19, 20, 21, 22, 23]",heuristic,0.0,35.9,0.0,1.2,1.0,-0.0900,646.8000,0.0000,0.7,0.3
1787907510.188165,10536,Light,E-core,"[12, 13, 14, 15, 16, 17, 18, 19, 20, 21, 22, 23]",heuristic,0.0,1.7,0.0,1.2,1.0,-0.0900,646.8000,0.0000,0.7,0.3
1787907510.188165,17840,Light,E-core,"[12, 13, 14, 15, 16, 17, 18, 19, 20, 21, 22, 23]",heuristic,0.0,1.7,0.0,1.2,1.0,-0.0900,646.8000,0.0000,0.7,0.3
1787907510.188165,22700,Light,E-core,"[12, 13, 14, 15, 16, 17, 18, 19, 20, 21, 22, 23]",heuristic,0.0,2.5,0.0,1.2,1.0,-0.0900,646.8000,0.0000,0.7,0.3
1787907510.188165,32836,Light,E-core,"[12, 13, 14, 15, 16, 17, 18, 19, 20, 21, 22, 23]",heuristic,0.0,1.7,0.0,1.2,1.0,-0.0900,646.8000,0.0000,0.7,0.3
1787907510.5916762,11728,Heavy,E-core,"[12, 13, 14, 15, 16, 17, 18, 19, 20, 21, 22, 23]",heuristic,0.0,94.9,0.0,1.1,1.0,-0.0900,0.0000,0.0000,0.7,0.3
1787907510.5916762,38828,Heavy,E-core,"[12, 13, 14, 15, 16, 17, 18, 19, 20, 21, 22, 23]",heuristic,0.0,47.5,0.0,1.1,1.0,-0.0900,0.0000,0.0000,0.7,0.3
1787907510.5916762,25060,Heavy,E-core,"[12, 13, 14, 15, 16, 17, 18, 19, 20, 21, 22, 23]",heuristic,0.0,152.4,0.0,1.1,1.0,-0.0900,0.0000,0.0000,0.7,0.3
1787907510.5916762,10004,Heavy,E-core,"[12, 13, 14, 15, 16, 17, 18, 19, 20, 21, 22, 23]",heuristic,0.0,96.8,0.0,1.1,1.0,-0.0900,0.0000,0.0000,0.7,0.3
1787907510.5916762,10536,Light,E-core,"[12, 13, 14, 15, 16, 17, 18, 19, 20, 21, 22, 23]",heuristic,0.0,5.5,0.0,1.1,1.0,-0.0900,0.0000,0.0000,0.7,0.3
1787907510.5916762,17840,Light,E-core,"[12, 13, 14, 15, 16, 17, 18, 19, 20, 21, 22, 23]",heuristic,0.0,4.6,0.0,1.1,1.0,-0.0900,0.0000,0.0000,0.7,0.3
1787907510.5916762,22700,Light,E-core,"[12, 13, 14, 15, 16, 17, 18, 19, 20, 21, 22, 23]",heuristic,0.0,1.8,0.0,1.1,1.0,-0.0900,0.0000,0.0000,0.7,0.3
1787907510.5916762,32836,Light,E-core,"[12, 13, 14, 15, 16, 17, 18, 19, 20, 21, 22, 23]",heuristic,0.0,2.7,0.0,1.1,1.0,-0.0900,0.0000,0.0000,0.7,0.3
1787907511.326859,11728,Heavy,E-core,"[12, 13, 14, 15, 16, 17, 18, 19, 20, 21, 22, 23]",heuristic,0.0,234.5,0.0,1.1,1.0,-0.0900,646.8000,0.0000,0.7,0.3
1787907511.326859,38828,Heavy,E-core,"[12, 13, 14, 15, 16, 17, 18, 19, 20, 21, 22, 23]",heuristic,0.0,248.5,0.0,1.1,1.0,-0.0900,646.8000,0.0000,0.7,0.3
1787907511.326859,25060,Heavy,E-core,"[12, 13, 14, 15, 16, 17, 18, 19, 20, 21, 22, 23]",heuristic,0.0,266.1,0.0,1.1,1.0,-0.0900,646.8000,0.0000,0.7,0.3
1787907511.326859,10004,Heavy,E-core,"[12, 13, 14, 15, 16, 17, 18, 19, 20, 21, 22, 23]",heuristic,0.0,258.2,0.0,1.1,1.0,-0.0900,646.8000,0.0000,0.7,0.3
1787907511.326859,10536,Light,E-core,"[12, 13, 14, 15, 16, 17, 18, 19, 20, 21, 22, 23]",heuristic,0.0,8.8,0.0,1.1,1.0,-0.0900,646.8000,0.0000,0.7,0.3
1787907511.326859,17840,Light,E-core,"[12, 13, 14, 15, 16, 17, 18, 19, 20, 21, 22, 23]",heuristic,0.0,3.5,0.0,1.1,1.0,-0.0900,646.8000,0.0000,0.7,0.3
1787907511.326859,22700,Light,E-core,"[12, 13, 14, 15, 16, 17, 18, 19, 20, 21, 22, 23]",heuristic,0.0,1.8,0.0,1.1,1.0,-0.0900,646.8000,0.0000,0.7,0.3
1787907511.326859,32836,Light,E-core,"[12, 13, 14, 15, 16, 17, 18, 19, 20, 21, 22, 23]",heuristic,0.0,4.4,0.0,1.1,1.0,-0.0900,646.8000,0.0000,0.7,0.3
1787907511.754339,11728,Heavy,E-core,"[12, 13, 14, 15, 16, 17, 18, 19, 20, 21, 22, 23]",heuristic,0.0,368.1,0.0,1.2,1.0,-0.0900,0.0000,0.0000,0.7,0.3
1787907511.754339,38828,Heavy,E-core,"[12, 13, 14, 15, 16, 17, 18, 19, 20, 21, 22, 23]",heuristic,0.0,380.2,0.0,1.2,1.0,-0.0900,0.0000,0.0000,0.7,0.3
1787907511.754339,25060,Heavy,E-core,"[12, 13, 14, 15, 16, 17, 18, 19, 20, 21, 22, 23]",heuristic,0.0,358.7,0.0,1.2,1.0,-0.0900,0.0000,0.0000,0.7,0.3
1787907511.754339,10004,Heavy,E-core,"[12, 13, 14, 15, 16, 17, 18, 19, 20, 21, 22, 23]",heuristic,0.0,371.6,0.0,1.2,1.0,-0.0900,0.0000,0.0000,0.7,0.3
1787907511.754339,10536,Light,E-core,"[12, 13, 14, 15, 16, 17, 18, 19, 20, 21, 22, 23]",heuristic,0.0,9.5,0.0,1.2,1.0,-0.0900,0.0000,0.0000,0.7,0.3
1787907511.754339,17840,Light,E-core,"[12, 13, 14, 15, 16, 17, 18, 19, 20, 21, 22, 23]",heuristic,0.0,2.6,0.0,1.2,1.0,-0.0900,0.0000,0.0000,0.7,0.3
1787907511.754339,22700,Light,E-core,"[12, 13, 14, 15, 16, 17, 18, 19, 20, 21, 22, 23]",heuristic,0.0,3.4,0.0,1.2,1.0,-0.0900,0.0000,0.0000,0.7,0.3
1787907511.754339,32836,Light,E-core,"[12, 13, 14, 15, 16, 17, 18, 19, 20, 21, 22, 23]",heuristic,0.0,3.4,0.0,1.2,1.0,-0.0900,0.0000,0.0000,0.7,0.3
1787907512.4880972,11728,Heavy,E-core,"[12, 13, 14, 15, 16, 17, 18, 19, 20, 21, 22, 23]",heuristic,0.0,436.6,0.0,1.2,1.0,-0.0900,646.8000,0.0000,0.7,0.3
1787907512.4880972,38828,Heavy,E-core,"[12, 13, 14, 15, 16, 17, 18, 19, 20, 21, 22, 23]",heuristic,0.0,494.3,0.0,1.2,1.0,-0.0900,646.8000,0.0000,0.7,0.3
1787907512.4880972,25060,Heavy,E-core,"[12, 13, 14, 15, 16, 17, 18, 19, 20, 21, 22, 23]",heuristic,0.0,481.4,0.0,1.2,1.0,-0.0900,646.8000,0.0000,0.7,0.3
1787907512.4880972,10004,Heavy,E-core,"[12, 13, 14, 15, 16, 17, 18, 19, 20, 21, 22, 23]",heuristic,0.0,459.0,0.0,1.2,1.0,-0.0900,646.8000,0.0000,0.7,0.3
1787907512.4880972,10536,Light,E-core,"[12, 13, 14, 15, 16, 17, 18, 19, 20, 21, 22, 23]",heuristic,0.0,5.2,0.0,1.2,1.0,-0.0900,646.8000,0.0000,0.7,0.3
1787907512.4880972,17840,Light,E-core,"[12, 13, 14, 15, 16, 17, 18, 19, 20, 21, 22, 23]",heuristic,0.0,4.3,0.0,1.2,1.0,-0.0900,646.8000,0.0000,0.7,0.3
1787907512.4880972,22700,Light,E-core,"[12, 13, 14, 15, 16, 17, 18, 19, 20, 21, 22, 23]",heuristic,0.0,5.2,0.0,1.2,1.0,-0.0900,646.8000,0.0000,0.7,0.3
1787907512.4880972,32836,Light,E-core,"[12, 13, 14, 15, 16, 17, 18, 19, 20, 21, 22, 23]",heuristic,0.0,2.6,0.0,1.2,1.0,-0.0900,646.8000,0.0000,0.7,0.3
1787907512.9297142,11728,Heavy,E-core,"[12, 13, 14, 15, 16, 17, 18, 19, 20, 21, 22, 23]",heuristic,0.0,421.1,0.0,1.2,1.0,-0.0900,0.0000,0.0000,0.7,0.3
1787907512.9297142,38828,Heavy,E-core,"[12, 13, 14, 15, 16, 17, 18, 19, 20, 21, 22, 23]",heuristic,0.0,445.8,0.0,1.2,1.0,-0.0900,0.0000,0.0000,0.7,0.3
1787907512.9297142,25060,Heavy,E-core,"[12, 13, 14, 15, 16, 17, 18, 19, 20, 21, 22, 23]",heuristic,0.0,479.0,0.0,1.2,1.0,-0.0900,0.0000,0.0000,0.7,0.3
1787907512.9297142,10004,Heavy,E-core,"[12, 13, 14, 15, 16, 17, 18, 19, 20, 21, 22, 23]",heuristic,0.0,485.0,0.0,1.2,1.0,-0.0900,0.0000,0.0000,0.7,0.3
1787907512.9297142,10536,Light,E-core,"[12, 13, 14, 15, 16, 17, 18, 19, 20, 21, 22, 23]",heuristic,0.0,2.6,0.0,1.2,1.0,-0.0900,0.0000,0.0000,0.7,0.3
1787907512.9297142,17840,Light,E-core,"[12, 13, 14, 15, 16, 17, 18, 19, 20, 21, 22, 23]",heuristic,0.0,3.4,0.0,1.2,1.0,-0.0900,0.0000,0.0000,0.7,0.3
1787907512.9297142,22700,Light,E-core,"[12, 13, 14, 15, 16, 17, 18, 19, 20, 21, 22, 23]",heuristic,0.0,2.6,0.0,1.2,1.0,-0.0900,0.0000,0.0000,0.7,0.3
1787907512.9297142,32836,Light,E-core,"[12, 13, 14, 15, 16, 17, 18, 19, 20, 21, 22, 23]",heuristic,0.0,1.7,0.0,1.2,1.0,-0.0900,0.0000,0.0000,0.7,0.3
1787907513.6553066,11728,Heavy,E-core,"[12, 13, 14, 15, 16, 17, 18, 19, 20, 21, 22, 23]",heuristic,0.0,552.6,0.0,1.2,1.0,-0.0900,646.8000,0.0000,0.7,0.3
1787907513.6553066,38828,Heavy,E-core,"[12, 13, 14, 15, 16, 17, 18, 19, 20, 21, 22, 23]",heuristic,0.0,543.2,0.0,1.2,1.0,-0.0900,646.8000,0.0000,0.7,0.3
1787907513.6553066,25060,Heavy,E-core,"[12, 13, 14, 15, 16, 17, 18, 19, 20, 21, 22, 23]",heuristic,0.0,532.9,0.0,1.2,1.0,-0.0900,646.8000,0.0000,0.7,0.3
1787907513.6553066,10004,Heavy,E-core,"[12, 13, 14, 15, 16, 17, 18, 19, 20, 21, 22, 23]",heuristic,0.0,557.7,0.0,1.2,1.0,-0.0900,646.8000,0.0000,0.7,0.3
1787907513.6553066,10536,Light,E-core,"[12, 13, 14, 15, 16, 17, 18, 19, 20, 21, 22, 23]",heuristic,0.0,7.7,0.0,1.2,1.0,-0.0900,646.8000,0.0000,0.7,0.3
1787907513.6553066,17840,Light,E-core,"[12, 13, 14, 15, 16, 17, 18, 19, 20, 21, 22, 23]",heuristic,0.0,4.3,0.0,1.2,1.0,-0.0900,646.8000,0.0000,0.7,0.3
1787907513.6553066,22700,Light,E-core,"[12, 13, 14, 15, 16, 17, 18, 19, 20, 21, 22, 23]",heuristic,0.0,6.9,0.0,1.2,1.0,-0.0900,646.8000,0.0000,0.7,0.3
1787907513.6553066,32836,Light,E-core,"[12, 13, 14, 15, 16, 17, 18, 19, 20, 21, 22, 23]",heuristic,0.0,9.4,0.0,1.2,1.0,-0.0900,646.8000,0.0000,0.7,0.3
1787907514.094154,11728,Heavy,E-core,"[12, 13, 14, 15, 16, 17, 18, 19, 20, 21, 22, 23]",heuristic,0.0,582.3,0.0,1.2,1.0,-0.0900,0.0000,0.0000,0.7,0.3
1787907514.094154,38828,Heavy,E-core,"[12, 13, 14, 15, 16, 17, 18, 19, 20, 21, 22, 23]",heuristic,0.0,644.1,0.0,1.2,1.0,-0.0900,0.0000,0.0000,0.7,0.3
1787907514.094154,25060,Heavy,E-core,"[12, 13, 14, 15, 16, 17, 18, 19, 20, 21, 22, 23]",heuristic,0.0,599.4,0.0,1.2,1.0,-0.0900,0.0000,0.0000,0.7,0.3
1787907514.094154,10004,Heavy,E-core,"[12, 13, 14, 15, 16, 17, 18, 19, 20, 21, 22, 23]",heuristic,0.0,587.4,0.0,1.2,1.0,-0.0900,0.0000,0.0000,0.7,0.3
1787907514.094154,10536,Light,E-core,"[12, 13, 14, 15, 16, 17, 18, 19, 20, 21, 22, 23]",heuristic,0.0,6.9,0.0,1.2,1.0,-0.0900,0.0000,0.0000,0.7,0.3
1787907514.094154,17840,Light,E-core,"[12, 13, 14, 15, 16, 17, 18, 19, 20, 21, 22, 23]",heuristic,0.0,4.3,0.0,1.2,1.0,-0.0900,0.0000,0.0000,0.7,0.3
1787907514.094154,22700,Light,E-core,"[12, 13, 14, 15, 16, 17, 18, 19, 20, 21, 22, 23]",heuristic,0.0,7.7,0.0,1.2,1.0,-0.0900,0.0000,0.0000,0.7,0.3
1787907514.094154,32836,Light,E-core,"[12, 13, 14, 15, 16, 17, 18, 19, 20, 21, 22, 23]",heuristic,0.0,10.3,0.0,1.2,1.0,-0.0900,0.0000,0.0000,0.7,0.3
1787907514.8042216,11728,Heavy,E-core,"[12, 13, 14, 15, 16, 17, 18, 19, 20, 21, 22, 23]",heuristic,0.0,440.4,0.0,1.1,1.0,-0.0900,646.8000,0.0000,0.7,0.3
1787907514.8042216,38828,Heavy,E-core,"[12, 13, 14, 15, 16, 17, 18, 19, 20, 21, 22, 23]",heuristic,0.0,481.3,0.0,1.1,1.0,-0.0900,646.8000,0.0000,0.7,0.3
1787907514.8042216,25060,Heavy,E-core,"[12, 13, 14, 15, 16, 17, 18, 19, 20, 21, 22, 23]",heuristic,0.0,515.3,0.0,1.1,1.0,-0.0900,646.8000,0.0000,0.7,0.3
1787907514.8042216,10004,Heavy,E-core,"[12, 13, 14, 15, 16, 17, 18, 19, 20, 21, 22, 23]",heuristic,0.0,455.2,0.0,1.1,1.0,-0.0900,646.8000,0.0000,0.7,0.3
1787907514.8042216,10536,Light,E-core,"[12, 13, 14, 15, 16, 17, 18, 19, 20, 21, 22, 23]",heuristic,0.0,1.7,0.0,1.1,1.0,-0.0900,646.8000,0.0000,0.7,0.3
1787907514.8042216,17840,Light,E-core,"[12, 13, 14, 15, 16, 17, 18, 19, 20, 21, 22, 23]",heuristic,0.0,1.7,0.0,1.1,1.0,-0.0900,646.8000,0.0000,0.7,0.3
1787907514.8042216,22700,Light,E-core,"[12, 13, 14, 15, 16, 17, 18, 19, 20, 21, 22, 23]",heuristic,0.0,4.4,0.0,1.1,1.0,-0.0900,646.8000,0.0000,0.7,0.3
1787907514.8042216,32836,Light,E-core,"[12, 13, 14, 15, 16, 17, 18, 19, 20, 21, 22, 23]",heuristic,0.0,2.6,0.0,1.1,1.0,-0.0900,646.8000,0.0000,0.7,0.3
1787907515.271627,11728,Heavy,E-core,"[12, 13, 14, 15, 16, 17, 18, 19, 20, 21, 22, 23]",heuristic,0.0,335.5,0.0,1.2,1.0,-0.0900,0.0000,0.0000,0.7,0.3
1787907515.271627,38828,Heavy,E-core,"[12, 13, 14, 15, 16, 17, 18, 19, 20, 21, 22, 23]",heuristic,0.0,386.4,0.0,1.2,1.0,-0.0900,0.0000,0.0000,0.7,0.3
1787907515.271627,25060,Heavy,E-core,"[12, 13, 14, 15, 16, 17, 18, 19, 20, 21, 22, 23]",heuristic,0.0,404.3,0.0,1.2,1.0,-0.0900,0.0000,0.0000,0.7,0.3
1787907515.271627,10004,Heavy,E-core,"[12, 13, 14, 15, 16, 17, 18, 19, 20, 21, 22, 23]",heuristic,0.0,370.3,0.0,1.2,1.0,-0.0900,0.0000,0.0000,0.7,0.3
1787907515.271627,10536,Light,E-core,"[12, 13, 14, 15, 16, 17, 18, 19, 20, 21, 22, 23]",heuristic,0.0,1.7,0.0,1.2,1.0,-0.0900,0.0000,0.0000,0.7,0.3
1787907515.271627,17840,Light,E-core,"[12, 13, 14, 15, 16, 17, 18, 19, 20, 21, 22, 23]",heuristic,0.0,1.7,0.0,1.2,1.0,-0.0900,0.0000,0.0000,0.7,0.3
1787907515.271627,22700,Light,E-core,"[12, 13, 14, 15, 16, 17, 18, 19, 20, 21, 22, 23]",heuristic,0.0,4.2,0.0,1.2,1.0,-0.0900,0.0000,0.0000,0.7,0.3
1787907515.271627,32836,Light,E-core,"[12, 13, 14, 15, 16, 17, 18, 19, 20, 21, 22, 23]",heuristic,0.0,4.2,0.0,1.2,1.0,-0.0900,0.0000,0.0000,0.7,0.3
1787907515.9681525,11728,Heavy,E-core,"[12, 13, 14, 15, 16, 17, 18, 19, 20, 21, 22, 23]",heuristic,0.0,293.0,0.0,1.2,1.0,-0.0900,646.8000,0.0000,0.7,0.3
1787907515.9681525,38828,Heavy,E-core,"[12, 13, 14, 15, 16, 17, 18, 19, 20, 21, 22, 23]",heuristic,0.0,305.9,0.0,1.2,1.0,-0.0900,646.8000,0.0000,0.7,0.3
1787907515.9681525,25060,Heavy,E-core,"[12, 13, 14, 15, 16, 17, 18, 19, 20, 21, 22, 23]",heuristic,0.0,354.8,0.0,1.2,1.0,-0.0900,646.8000,0.0000,0.7,0.3
1787907515.9681525,10004,Heavy,E-core,"[12, 13, 14, 15, 16, 17, 18, 19, 20, 21, 22, 23]",heuristic,0.0,373.7,0.0,1.2,1.0,-0.0900,646.8000,0.0000,0.7,0.3
1787907515.9681525,10536,Light,E-core,"[12, 13, 14, 15, 16, 17, 18, 19, 20, 21, 22, 23]",heuristic,0.0,1.7,0.0,1.2,1.0,-0.0900,646.8000,0.0000,0.7,0.3
1787907515.9681525,17840,Light,E-core,"[12, 13, 14, 15, 16, 17, 18, 19, 20, 21, 22, 23]",heuristic,0.0,3.4,0.0,1.2,1.0,-0.0900,646.8000,0.0000,0.7,0.3
1787907515.9681525,22700,Light,E-core,"[12, 13, 14, 15, 16, 17, 18, 19, 20, 21, 22, 23]",heuristic,0.0,1.7,0.0,1.2,1.0,-0.0900,646.8000,0.0000,0.7,0.3
1787907515.9681525,32836,Light,E-core,"[12, 13, 14, 15, 16, 17, 18, 19, 20, 21, 22, 23]",heuristic,0.0,3.4,0.0,1.2,1.0,-0.0900,646.8000,0.0000,0.7,0.3
1787907516.439104,11728,Heavy,E-core,"[12, 13, 14, 15, 16, 17, 18, 19, 20, 21, 22, 23]",heuristic,0.0,306.6,0.0,1.2,1.0,-0.0900,0.0000,0.0000,0.7,0.3
1787907516.439104,38828,Heavy,E-core,"[12, 13, 14, 15, 16, 17, 18, 19, 20, 21, 22, 23]",heuristic,0.0,267.2,0.0,1.2,1.0,-0.0900,0.0000,0.0000,0.7,0.3
1787907516.439104,25060,Heavy,E-core,"[12, 13, 14, 15, 16, 17, 18, 19, 20, 21, 22, 23]",heuristic,0.0,310.1,0.0,1.2,1.0,-0.0900,0.0000,0.0000,0.7,0.3
1787907516.439104,10004,Heavy,E-core,"[12, 13, 14, 15, 16, 17, 18, 19, 20, 21, 22, 23]",heuristic,0.0,317.8,0.0,1.2,1.0,-0.0900,0.0000,0.0000,0.7,0.3
1787907516.439104,10536,Light,E-core,"[12, 13, 14, 15, 16, 17, 18, 19, 20, 21, 22, 23]",heuristic,0.0,1.7,0.0,1.2,1.0,-0.0900,0.0000,0.0000,0.7,0.3
1787907516.439104,17840,Light,E-core,"[12, 13, 14, 15, 16, 17, 18, 19, 20, 21, 22, 23]",heuristic,0.0,3.4,0.0,1.2,1.0,-0.0900,0.0000,0.0000,0.7,0.3
1787907516.439104,22700,Light,E-core,"[12, 13, 14, 15, 16, 17, 18, 19, 20, 21, 22, 23]",heuristic,0.0,1.7,0.0,1.2,1.0,-0.0900,0.0000,0.0000,0.7,0.3
1787907516.439104,32836,Light,E-core,"[12, 13, 14, 15, 16, 17, 18, 19, 20, 21, 22, 23]",heuristic,0.0,1.7,0.0,1.2,1.0,-0.0900,0.0000,0.0000,0.7,0.3
1787907517.1373897,11728,Heavy,E-core,"[12, 13, 14, 15, 16, 17, 18, 19, 20, 21, 22, 23]",heuristic,0.0,299.3,0.0,1.2,1.0,-0.0900,646.8000,0.0000,0.7,0.3
1787907517.1373897,38828,Heavy,E-core,"[12, 13, 14, 15, 16, 17, 18, 19, 20, 21, 22, 23]",heuristic,0.0,319.0,0.0,1.2,1.0,-0.0900,646.8000,0.0000,0.7,0.3
1787907517.1373897,25060,Heavy,E-core,"[12, 13, 14, 15, 16, 17, 18, 19, 20, 21, 22, 23]",heuristic,0.0,313.0,0.0,1.2,1.0,-0.0900,646.8000,0.0000,0.7,0.3
1787907517.1373897,10004,Heavy,E-core,"[12, 13, 14, 15, 16, 17, 18, 19, 20, 21, 22, 23]",heuristic,0.0,305.3,0.0,1.2,1.0,-0.0900,646.8000,0.0000,0.7,0.3
1787907517.1373897,10536,Light,E-core,"[12, 13, 14, 15, 16, 17, 18, 19, 20, 21, 22, 23]",heuristic,0.0,2.6,0.0,1.2,1.0,-0.0900,646.8000,0.0000,0.7,0.3
1787907517.1373897,17840,Light,E-core,"[12, 13, 14, 15, 16, 17, 18, 19, 20, 21, 22, 23]",heuristic,0.0,3.4,0.0,1.2,1.0,-0.0900,646.8000,0.0000,0.7,0.3
1787907517.1373897,22700,Light,E-core,"[12, 13, 14, 15, 16, 17, 18, 19, 20, 21, 22, 23]",heuristic,0.0,4.3,0.0,1.2,1.0,-0.0900,646.8000,0.0000,0.7,0.3
1787907517.1373897,32836,Light,E-core,"[12, 13, 14, 15, 16, 17, 18, 19, 20, 21, 22, 23]",heuristic,0.0,3.4,0.0,1.2,1.0,-0.0900,646.8000,0.0000,0.7,0.3
1787907517.607057,11728,Heavy,E-core,"[12, 13, 14, 15, 16, 17, 18, 19, 20, 21, 22, 23]",heuristic,0.0,300.5,0.0,1.2,1.0,-0.0900,0.0000,0.0000,0.7,0.3
1787907517.607057,38828,Heavy,E-core,"[12, 13, 14, 15, 16, 17, 18, 19, 20, 21, 22, 23]",heuristic,0.0,400.7,0.0,1.2,1.0,-0.0900,0.0000,0.0000,0.7,0.3
1787907517.607057,25060,Heavy,E-core,"[12, 13, 14, 15, 16, 17, 18, 19, 20, 21, 22, 23]",heuristic,0.0,369.9,0.0,1.2,1.0,-0.0900,0.0000,0.0000,0.7,0.3
1787907517.607057,10004,Heavy,E-core,"[12, 13, 14, 15, 16, 17, 18, 19, 20, 21, 22, 23]",heuristic,0.0,365.6,0.0,1.2,1.0,-0.0900,0.0000,0.0000,0.7,0.3
1787907517.607057,10536,Light,E-core,"[12, 13, 14, 15, 16, 17, 18, 19, 20, 21, 22, 23]",heuristic,0.0,12.0,0.0,1.2,1.0,-0.0900,0.0000,0.0000,0.7,0.3
1787907517.607057,17840,Light,E-core,"[12, 13, 14, 15, 16, 17, 18, 19, 20, 21, 22, 23]",heuristic,0.0,3.4,0.0,1.2,1.0,-0.0900,0.0000,0.0000,0.7,0.3
1787907517.607057,22700,Light,E-core,"[12, 13, 14, 15, 16, 17, 18, 19, 20, 21, 22, 23]",heuristic,0.0,4.3,0.0,1.2,1.0,-0.0900,0.0000,0.0000,0.7,0.3
1787907517.607057,32836,Light,E-core,"[12, 13, 14, 15, 16, 17, 18, 19, 20, 21, 22, 23]",heuristic,0.0,7.7,0.0,1.2,1.0,-0.0900,0.0000,0.0000,0.7,0.3
1787907518.3244987,11728,Heavy,E-core,"[12, 13, 14, 15, 16, 17, 18, 19, 20, 21, 22, 23]",heuristic,0.0,581.2,0.0,1.2,1.0,-0.0900,646.8000,0.0000,0.7,0.3
1787907518.3244987,38828,Heavy,E-core,"[12, 13, 14, 15, 16, 17, 18, 19, 20, 21, 22, 23]",heuristic,0.0,595.6,0.0,1.2,1.0,-0.0900,646.8000,0.0000,0.7,0.3
1787907518.3244987,25060,Heavy,E-core,"[12, 13, 14, 15, 16, 17, 18, 19, 20, 21, 22, 23]",heuristic,0.0,481.8,0.0,1.2,1.0,-0.0900,646.8000,0.0000,0.7,0.3
1787907518.3244987,10004,Heavy,E-core,"[12, 13, 14, 15, 16, 17, 18, 19, 20, 21, 22, 23]",heuristic,0.0,540.8,0.0,1.2,1.0,-0.0900,646.8000,0.0000,0.7,0.3
1787907518.3244987,10536,Light,E-core,"[12, 13, 14, 15, 16, 17, 18, 19, 20, 21, 22, 23]",heuristic,0.0,11.0,0.0,1.2,1.0,-0.0900,646.8000,0.0000,0.7,0.3
1787907518.3244987,17840,Light,E-core,"[12, 13, 14, 15, 16, 17, 18, 19, 20, 21, 22, 23]",heuristic,0.0,1.7,0.0,1.2,1.0,-0.0900,646.8000,0.0000,0.7,0.3
1787907518.3244987,22700,Light,E-core,"[12, 13, 14, 15, 16, 17, 18, 19, 20, 21, 22, 23]",heuristic,0.0,2.5,0.0,1.2,1.0,-0.0900,646.8000,0.0000,0.7,0.3
1787907518.3244987,32836,Light,E-core,"[12, 13, 14, 15, 16, 17, 18, 19, 20, 21, 22, 23]",heuristic,0.0,7.6,0.0,1.2,1.0,-0.0900,646.8000,0.0000,0.7,0.3
1787907518.7641888,11728,Heavy,E-core,"[12, 13, 14, 15, 16, 17, 18, 19, 20, 21, 22, 23]",heuristic,0.0,573.0,0.0,1.2,1.0,-0.0900,0.0000,0.0000,0.7,0.3
1787907518.7641888,38828,Heavy,E-core,"[12, 13, 14, 15, 16, 17, 18, 19, 20, 21, 22, 23]",heuristic,0.0,528.9,0.0,1.2,1.0,-0.0900,0.0000,0.0000,0.7,0.3
1787907518.7641888,25060,Heavy,E-core,"[12, 13, 14, 15, 16, 17, 18, 19, 20, 21, 22, 23]",heuristic,0.0,408.8,0.0,1.2,1.0,-0.0900,0.0000,0.0000,0.7,0.3
1787907518.7641888,10004,Heavy,E-core,"[12, 13, 14, 15, 16, 17, 18, 19, 20, 21, 22, 23]",heuristic,0.0,464.1,0.0,1.2,1.0,-0.0900,0.0000,0.0000,0.7,0.3
1787907518.7641888,10536,Light,E-core,"[12, 13, 14, 15, 16, 17, 18, 19, 20, 21, 22, 23]",heuristic,0.0,5.2,0.0,1.2,1.0,-0.0900,0.0000,0.0000,0.7,0.3
1787907518.7641888,17840,Light,E-core,"[12, 13, 14, 15, 16, 17, 18, 19, 20, 21, 22, 23]",heuristic,0.0,1.7,0.0,1.2,1.0,-0.0900,0.0000,0.0000,0.7,0.3
1787907518.7641888,22700,Light,E-core,"[12, 13, 14, 15, 16, 17, 18, 19, 20, 21, 22, 23]",heuristic,0.0,5.2,0.0,1.2,1.0,-0.0900,0.0000,0.0000,0.7,0.3
1787907518.7641888,32836,Light,E-core,"[12, 13, 14, 15, 16, 17, 18, 19, 20, 21, 22, 23]",heuristic,0.0,5.2,0.0,1.2,1.0,-0.0900,0.0000,0.0000,0.7,0.3
1787907519.4838076,11728,Heavy,E-core,"[12, 13, 14, 15, 16, 17, 18, 19, 20, 21, 22, 23]",heuristic,0.0,373.5,0.0,1.2,1.0,-0.0900,646.8000,0.0000,0.7,0.3
1787907519.4838076,38828,Heavy,E-core,"[12, 13, 14, 15, 16, 17, 18, 19, 20, 21, 22, 23]",heuristic,0.0,407.1,0.0,1.2,1.0,-0.0900,646.8000,0.0000,0.7,0.3
1787907519.4838076,25060,Heavy,E-core,"[12, 13, 14, 15, 16, 17, 18, 19, 20, 21, 22, 23]",heuristic,0.0,347.6,0.0,1.2,1.0,-0.0900,646.8000,0.0000,0.7,0.3
1787907519.4838076,10004,Heavy,E-core,"[12, 13, 14, 15, 16, 17, 18, 19, 20, 21, 22, 23]",heuristic,0.0,350.2,0.0,1.2,1.0,-0.0900,646.8000,0.0000,0.7,0.3
1787907519.4838076,10536,Light,E-core,"[12, 13, 14, 15, 16, 17, 18, 19, 20, 21, 22, 23]",heuristic,0.0,5.2,0.0,1.2,1.0,-0.0900,646.8000,0.0000,0.7,0.3
1787907519.4838076,17840,Light,E-core,"[12, 13, 14, 15, 16, 17, 18, 19, 20, 21, 22, 23]",heuristic,0.0,1.7,0.0,1.2,1.0,-0.0900,646.8000,0.0000,0.7,0.3
1787907519.4838076,22700,Light,E-core,"[12, 13, 14, 15, 16, 17, 18, 19, 20, 21, 22, 23]",heuristic,0.0,4.3,0.0,1.2,1.0,-0.0900,646.8000,0.0000,0.7,0.3
1787907519.4838076,32836,Light,E-core,"[12, 13, 14, 15, 16, 17, 18, 19, 20, 21, 22, 23]",heuristic,0.0,3.5,0.0,1.2,1.0,-0.0900,646.8000,0.0000,0.7,0.3
1787907519.9298892,11728,Heavy,E-core,"[12, 13, 14, 15, 16, 17, 18, 19, 20, 21, 22, 23]",heuristic,0.0,393.8,0.0,1.2,1.0,-0.0900,0.0000,0.0000,0.7,0.3
1787907519.9298892,38828,Heavy,E-core,"[12, 13, 14, 15, 16, 17, 18, 19, 20, 21, 22, 23]",heuristic,0.0,452.9,0.0,1.2,1.0,-0.0900,0.0000,0.0000,0.7,0.3
1787907519.9298892,25060,Heavy,E-core,"[12, 13, 14, 15, 16, 17, 18, 19, 20, 21, 22, 23]",heuristic,0.0,425.5,0.0,1.2,1.0,-0.0900,0.0000,0.0000,0.7,0.3
1787907519.9298892,10004,Heavy,E-core,"[12, 13, 14, 15, 16, 17, 18, 19, 20, 21, 22, 23]",heuristic,0.0,401.5,0.0,1.2,1.0,-0.0900,0.0000,0.0000,0.7,0.3
1787907519.9298892,10536,Light,E-core,"[12, 13, 14, 15, 16, 17, 18, 19, 20, 21, 22, 23]",heuristic,0.0,9.4,0.0,1.2,1.0,-0.0900,0.0000,0.0000,0.7,0.3
1787907519.9298892,17840,Light,E-core,"[12, 13, 14, 15, 16, 17, 18, 19, 20, 21, 22, 23]",heuristic,0.0,1.7,0.0,1.2,1.0,-0.0900,0.0000,0.0000,0.7,0.3
1787907519.9298892,22700,Light,E-core,"[12, 13, 14, 15, 16, 17, 18, 19, 20, 21, 22, 23]",heuristic,0.0,9.4,0.0,1.2,1.0,-0.0900,0.0000,0.0000,0.7,0.3
1787907519.9298892,32836,Light,E-core,"[12, 13, 14, 15, 16, 17, 18, 19, 20, 21, 22, 23]",heuristic,0.0,7.7,0.0,1.2,1.0,-0.0900,0.0000,0.0000,0.7,0.3
1787907520.6528769,11728,Heavy,E-core,"[12, 13, 14, 15, 16, 17, 18, 19, 20, 21, 22, 23]",heuristic,0.0,411.4,0.0,1.2,1.0,-0.0900,646.8000,0.0000,0.7,0.3
1787907520.6528769,38828,Heavy,E-core,"[12, 13, 14, 15, 16, 17, 18, 19, 20, 21, 22, 23]",heuristic,0.0,432.0,0.0,1.2,1.0,-0.0900,646.8000,0.0000,0.7,0.3
1787907520.6528769,25060,Heavy,E-core,"[12, 13, 14, 15, 16, 17, 18, 19, 20, 21, 22, 23]",heuristic,0.0,427.7,0.0,1.2,1.0,-0.0900,646.8000,0.0000,0.7,0.3
1787907520.6528769,10004,Heavy,E-core,"[12, 13, 14, 15, 16, 17, 18, 19, 20, 21, 22, 23]",heuristic,0.0,428.5,0.0,1.2,1.0,-0.0900,646.8000,0.0000,0.7,0.3
1787907520.6528769,10536,Light,E-core,"[12, 13, 14, 15, 16, 17, 18, 19, 20, 21, 22, 23]",heuristic,0.0,17.1,0.0,1.2,1.0,-0.0900,646.8000,0.0000,0.7,0.3
1787907520.6528769,17840,Light,E-core,"[12, 13, 14, 15, 16, 17, 18, 19, 20, 21, 22, 23]",heuristic,0.0,2.6,0.0,1.2,1.0,-0.0900,646.8000,0.0000,0.7,0.3
1787907520.6528769,22700,Light,E-core,"[12, 13, 14, 15, 16, 17, 18, 19, 20, 21, 22, 23]",heuristic,0.0,18.0,0.0,1.2,1.0,-0.0900,646.8000,0.0000,0.7,0.3
1787907520.6528769,32836,Light,E-core,"[12, 13, 14, 15, 16, 17, 18, 19, 20, 21, 22, 23]",heuristic,0.0,9.4,0.0,1.2,1.0,-0.0900,646.8000,0.0000,0.7,0.3
1787907521.0876343,11728,Heavy,E-core,"[12, 13, 14, 15, 16, 17, 18, 19, 20, 21, 22, 23]",heuristic,0.0,455.2,0.0,1.2,1.0,-0.0900,0.0000,0.0000,0.7,0.3
1787907521.0876343,38828,Heavy,E-core,"[12, 13, 14, 15, 16, 17, 18, 19, 20, 21, 22, 23]",heuristic,0.0,414.6,0.0,1.2,1.0,-0.0900,0.0000,0.0000,0.7,0.3
1787907521.0876343,25060,Heavy,E-core,"[12, 13, 14, 15, 16, 17, 18, 19, 20, 21, 22, 23]",heuristic,0.0,418.9,0.0,1.2,1.0,-0.0900,0.0000,0.0000,0.7,0.3
1787907521.0876343,10004,Heavy,E-core,"[12, 13, 14, 15, 16, 17, 18, 19, 20, 21, 22, 23]",heuristic,0.0,447.4,0.0,1.2,1.0,-0.0900,0.0000,0.0000,0.7,0.3
1787907521.0876343,10536,Light,E-core,"[12, 13, 14, 15, 16, 17, 18, 19, 20, 21, 22, 23]",heuristic,0.0,8.6,0.0,1.2,1.0,-0.0900,0.0000,0.0000,0.7,0.3
1787907521.0876343,17840,Light,E-core,"[12, 13, 14, 15, 16, 17, 18, 19, 20, 21, 22, 23]",heuristic,0.0,1.7,0.0,1.2,1.0,-0.0900,0.0000,0.0000,0.7,0.3
1787907521.0876343,22700,Light,E-core,"[12, 13, 14, 15, 16, 17, 18, 19, 20, 21, 22, 23]",heuristic,0.0,9.5,0.0,1.2,1.0,-0.0900,0.0000,0.0000,0.7,0.3
1787907521.0876343,32836,Light,E-core,"[12, 13, 14, 15, 16, 17, 18, 19, 20, 21, 22, 23]",heuristic,0.0,3.5,0.0,1.2,1.0,-0.0900,0.0000,0.0000,0.7,0.3
1787907521.8226297,11728,Heavy,E-core,"[12, 13, 14, 15, 16, 17, 18, 19, 20, 21, 22, 23]",heuristic,0.0,336.0,0.0,1.2,1.0,-0.0900,646.8000,0.0000,0.7,0.3
1787907521.8226297,38828,Heavy,E-core,"[12, 13, 14, 15, 16, 17, 18, 19, 20, 21, 22, 23]",heuristic,0.0,310.3,0.0,1.2,1.0,-0.0900,646.8000,0.0000,0.7,0.3
1787907521.8226297,25060,Heavy,E-core,"[12, 13, 14, 15, 16, 17, 18, 19, 20, 21, 22, 23]",heuristic,0.0,312.0,0.0,1.2,1.0,-0.0900,646.8000,0.0000,0.7,0.3
1787907521.8226297,10004,Heavy,E-core,"[12, 13, 14, 15, 16, 17, 18, 19, 20, 21, 22, 23]",heuristic,0.0,302.6,0.0,1.2,1.0,-0.0900,646.8000,0.0000,0.7,0.3
1787907521.8226297,10536,Light,E-core,"[12, 13, 14, 15, 16, 17, 18, 19, 20, 21, 22, 23]",heuristic,0.0,2.6,0.0,1.2,1.0,-0.0900,646.8000,0.0000,0.7,0.3
1787907521.8226297,17840,Light,E-core,"[12, 13, 14, 15, 16, 17, 18, 19, 20, 21, 22, 23]",heuristic,0.0,1.7,0.0,1.2,1.0,-0.0900,646.8000,0.0000,0.7,0.3
1787907521.8226297,22700,Light,E-core,"[12, 13, 14, 15, 16, 17, 18, 19, 20, 21, 22, 23]",heuristic,0.0,3.4,0.0,1.2,1.0,-0.0900,646.8000,0.0000,0.7,0.3
1787907521.8226297,32836,Light,E-core,"[12, 13, 14, 15, 16, 17, 18, 19, 20, 21, 22, 23]",heuristic,0.0,1.7,0.0,1.2,1.0,-0.0900,646.8000,0.0000,0.7,0.3
