timestamp,pid,true_type,action,assigned_cores,decision_source,cpu_percent,vol_ctx_rate,invol_ctx_rate,time_since_switch,current_core_assignment,reward,cumulative_regret,confidence_ucb,alpha_param,beta_param
1791085952.7646,41208,Light,E-core,"[12, 13, 14, 15, 16, 17, 18, 19, 20, 21, 22, 23]",bandit,0.0,11.5,0.0,1.0,0.0,-0.3000,119.0700,0.0242,0.7,0.3
1791085952.7646,44592,Light,E-core,"[12, 13, 14, 15, 16, 17, 18, 19, 20, 21, 22, 23]",bandit,0.0,8.6,0.0,1.0,0.0,-0.3000,119.2800,0.0242,0.7,0.3
1791085953.8082893,29852,Heavy,E-core,"[12, 13, 14, 15, 16, 17, 18, 19, 20, 21, 22, 23]",bandit,0.0,381.3,0.0,1.0,1.0,-0.0900,119.2800,0.1026,0.7,0.3
1791085953.8082893,43336,Heavy,E-core,"[12, 13, 14, 15, 16, 17, 18, 19, 20, 21, 22, 23]",bandit,0.0,281.7,0.0,1.0,1.0,-0.0900,119.2800,0.1026,0.7,0.3
1791085953.8082893,41208,Light,E-core,"[12, 13, 14, 15, 16, 17, 18, 19, 20, 21, 22, 23]",bandit,0.0,3.8,0.0,1.0,1.0,-0.0900,119.2800,0.1026,0.7,0.3
1791085953.8082893,44592,Light,E-core,"[12, 13, 14, 15, 16, 17, 18, 19, 20, 21, 22, 23]",bandit,0.0,5.7,0.0,1.0,1.0,-0.0900,119.2800,0.1026,0.7,0.3
1791085954.8495505,29852,Heavy,P-core,"[0, 1, 2, 3, 4, 5, 6, 7, 8, 9, 10, 11]",bandit,0.0,495.6,0.0,1.0,1.0,-0.0900,119.2800,0.1214,0.7,0.3
1791085954.8495505,43336,Heavy,P-core,"[0, 1, 2, 3, 4, 5, 6, 7, 8, 9, 10, 11]",bandit,0.0,297.7,0.0,1.0,1.0,-0.0900,119.2800,0.1038,0.7,0.3
1791085954.8495505,41208,Light,P-core,"[0, 1, 2, 3, 4, 5, 6, 7, 8, 9, 10, 11]",bandit,0.0,2.9,0.0,1.0,1.0,-0.0900,119.2800,0.1078,0.7,0.3
1791085954.8495505,44592,Light,P-core,"[0, 1, 2, 3, 4, 5, 6, 7, 8, 9, 10, 11]",bandit,0.0,2.9,0.0,1.0,1.0,-0.0900,119.2800,0.1077,0.7,0.3
1791085955.8938859,29852,Heavy,E-core,"[12, 13, 14, 15, 16, 17, 18, 19, 20, 21, 22, 23]",bandit,0.0,673.2,0.0,1.0,0.0,-0.3000,119.4900,0.0246,0.7,0.3
1791085955.8938859,43336,Heavy,E-core,"[12, 13, 14, 15, 16, 17, 18, 19, 20, 21, 22, 23]",bandit,0.0,664.5,0.0,1.0,0.0,-0.3000,119.7000,0.0246,0.7,0.3
1791085955.8938859,41208,Light,E-core,"[12, 13, 14, 15, 16, 17, 18, 19, 20, 21, 22, 23]",bandit,0.0,6.7,0.0,1.0,0.0,-0.3000,119.9100,0.0248,0.7,0.3
1791085955.8938859,44592,Light,E-core,"[12, 13, 14, 15, 16, 17, 18, 19, 20, 21, 22, 23]",bandit,0.0,2.9,0.0,1.0,0.0,-0.3000,120.1200,0.0248,0.7,0.3
1791085956.9334426,29852,Heavy,P-core,"[0, 1, 2, 3, 4, 5, 6, 7, 8, 9, 10, 11]",bandit,0.0,462.7,0.0,1.0,1.0,-0.0900,120.1200,0.1312,0.7,0.3
1791085956.9334426,43336,Heavy,P-core,"[0, 1, 2, 3, 4, 5, 6, 7, 8, 9, 10, 11]",bandit,0.0,283.8,0.0,1.0,1.0,-0.0900,120.1200,0.1162,0.7,0.3
1791085956.9334426,41208,Light,P-core,"[0, 1, 2, 3, 4, 5, 6, 7, 8, 9, 10, 11]",bandit,0.0,2.9,0.0,1.0,1.0,-0.0900,120.1200,0.1208,0.7,0.3
1791085956.9334426,44592,Light,P-core,"[0, 1, 2, 3, 4, 5, 6, 7, 8, 9, 10, 11]",bandit,0.0,10.6,0.0,1.0,1.0,-0.0900,120.1200,0.1201,0.7,0.3
1791085957.9755392,29852,Heavy,P-core,"[0, 1, 2, 3, 4, 5, 6, 7, 8, 9, 10, 11]",bandit,0.0,809.9,0.0,1.0,0.0,-0.3000,120.3300,0.0305,0.7,0.3
1791085957.9755392,43336,Heavy,E-core,"[12, 13, 14, 15, 16, 17, 18, 19, 20, 21, 22, 23]",bandit,0.0,737.9,0.0,1.0,0.0,-0.3000,120.5400,0.0257,0.7,0.3
1791085957.9755392,41208,Light,E-core,"[12, 13, 14, 15, 16, 17, 18, 19, 20, 21, 22, 23]",bandit,0.0,4.8,0.0,1.0,0.0,-0.3000,120.7500,0.0259,0.7,0.3
1791085957.9755392,44592,Light,E-core,"[12, 13, 14, 15, 16, 17, 18, 19, 20, 21, 22, 23]",bandit,0.0,3.8,0.0,1.0,0.0,-0.3000,120.9600,0.0258,0.7,0.3
1791085959.03542,29852,Heavy,E-core,"[12, 13, 14, 15, 16, 17, 18, 19, 20, 21, 22, 23]",bandit,0.0,598.2,0.0,1.1,0.0,-0.3000,121.1700,0.0355,0.7,0.3
1791085959.03542,43336,Heavy,E-core,"[12, 13, 14, 15, 16, 17, 18, 19, 20, 21, 22, 23]",bandit,0.0,296.3,0.0,1.1,1.0,-0.0900,121.1700,0.1168,0.7,0.3
1791085959.03542,41208,Light,E-core,"[12, 13, 14, 15, 16, 17, 18, 19, 20, 21, 22, 23]",bandit,0.0,2.8,0.0,1.1,1.0,-0.0900,121.1700,0.1168,0.7,0.3
1791085959.03542,44592,Light,E-core,"[12, 13, 14, 15, 16, 17, 18, 19, 20, 21, 22, 23]",bandit,0.0,2.8,0.0,1.1,1.0,-0.0900,121.1700,0.1168,0.7,0.3
1791085960.0749862,29852,Heavy,P-core,"[0, 1, 2, 3, 4, 5, 6, 7, 8, 9, 10, 11]",bandit,0.0,236.6,0.0,1.0,1.0,-0.0900,121.1700,0.1125,0.7,0.3
1791085960.0749862,43336,Heavy,P-core,"[0, 1, 2, 3, 4, 5, 6, 7, 8, 9, 10, 11]",bandit,0.0,242.4,0.0,1.0,1.0,-0.0900,121.1700,0.1126,0.7,0.3
1791085960.0749862,41208,Light,P-core,"[0, 1, 2, 3, 4, 5, 6, 7, 8, 9, 10, 11]",bandit,0.0,1.9,0.0,1.0,1.0,-0.0900,121.1700,0.1193,0.7,0.3
1791085960.0749862,44592,Light,P-core,"[0, 1, 2, 3, 4, 5, 6, 7, 8, 9, 10, 11]",bandit,0.0,1.9,0.0,1.0,1.0,-0.0900,121.1700,0.1192,0.7,0.3
1791085961.1201026,29852,Heavy,E-core,"[12, 13, 14, 15, 16, 17, 18, 19, 20, 21, 22, 23]",bandit,0.0,710.0,0.0,1.0,0.0,-0.3000,121.3800,0.0237,0.7,0.3
1791085961.1201026,43336,Heavy,E-core,"[12, 13, 14, 15, 16, 17, 18, 19, 20, 21, 22, 23]",bandit,0.0,776.0,0.0,1.0,0.0,-0.3000,121.5900,0.0236,0.7,0.3
1791085961.1201026,41208,Light,E-core,"[12, 13, 14, 15, 16, 17, 18, 19, 20, 21, 22, 23]",bandit,0.0,14.4,0.0,1.0,0.0,-0.3000,121.8000,0.0239,0.7,0.3
1791085961.1201026,44592,Light,E-core,"[12, 13, 14, 15, 16, 17, 18, 19, 20, 21, 22, 23]",bandit,0.0,12.4,0.0,1.0,0.0,-0.3000,122.0100,0.0238,0.7,0.3
1791085962.1632357,29852,Heavy,E-core,"[12, 13, 14, 15, 16, 17, 18, 19, 20, 21, 22, 23]",bandit,0.0,259.8,0.0,1.0,1.0,-0.0900,122.0100,0.0999,0.7,0.3
1791085962.1632357,43336,Heavy,E-core,"[12, 13, 14, 15, 16, 17, 18, 19, 20, 21, 22, 23]",bandit,0.0,234.9,0.0,1.0,1.0,-0.0900,122.0100,0.0998,0.7,0.3
1791085962.1632357,41208,Light,E-core,"[12, 13, 14, 15, 16, 17, 18, 19, 20, 21, 22, 23]",bandit,0.0,2.9,0.0,1.0,1.0,-0.0900,122.0100,0.0999,0.7,0.3
1791085962.1632357,44592,Light,E-core,"[12, 13, 14, 15, 16, 17, 18, 19, 20, 21, 22, 23]",bandit,0.0,1.9,0.0,1.0,1.0,-0.0900,122.0100,0.0998,0.7,0.3
1791085963.2069774,29852,Heavy,E-core,"[12, 13, 14, 15, 16, 17, 18, 19, 20, 21, 22, 23]",bandit,0.0,215.6,0.0,1.0,1.0,-0.0900,122.0100,0.0992,0.7,0.3
1791085963.2069774,43336,Heavy,E-core,"[12, 13, 14, 15, 16, 17, 18, 19, 20, 21, 22, 23]",bandit,0.0,206.0,0.0,1.0,1.0,-0.0900,122.0100,0.0988,0.7,0.3
1791085963.2069774,41208,Light,E-core,"[12, 13, 14, 15, 16, 17, 18, 19, 20, 21, 22, 23]",bandit,0.0,2.9,0.0,1.0,1.0,-0.0900,122.0100,0.0985,0.7,0.3
1791085963.2069774,44592,Light,E-core,"[12, 13, 14, 15, 16, 17, 18, 19, 20, 21, 22, 23]",bandit,0.0,2.9,0.0,1.0,1.0,-0.0900,122.0100,0.0981,0.7,0.3
1791085964.2418709,29852,Heavy,P-core,"[0, 1, 2, 3, 4, 5, 6, 7, 8, 9, 10, 11]",bandit,0.0,228.0,0.0,1.0,1.0,-0.0900,122.0100,0.1745,0.7,0.3
1791085964.2418709,43336,Heavy,P-core,"[0, 1, 2, 3, 4, 5, 6, 7, 8, 9, 10, 11]",bandit,0.0,219.3,0.0,1.0,1.0,-0.0900,122.0100,0.1742,0.7,0.3
1791085964.2418709,41208,Light,P-core,"[0, 1, 2, 3, 4, 5, 6, 7, 8, 9, 10, 11]",bandit,0.0,2.9,0.0,1.0,1.0,-0.0900,122.0100,0.1791,0.7,0.3
1791085964.2418709,44592,Light,P-core,"[0, 1, 2, 3, 4, 5, 6, 7, 8, 9, 10, 11]",bandit,0.0,2.9,0.0,1.0,1.0,-0.0900,122.0100,0.1790,0.7,0.3
1791085965.2832744,29852,Heavy,E-core,"[12, 13, 14, 15, 16, 17, 18, 19, 20, 21, 22, 23]",bandit,0.0,607.8,0.0,1.0,0.0,-0.3000,122.2200,0.0274,0.7,0.3
1791085965.2832744,43336,Heavy,E-core,"[12, 13, 14, 15, 16, 17, 18, 19, 20, 21, 22, 23]",bandit,0.0,619.4,0.0,1.0,0.0,-0.3000,122.4300,0.0273,0.7,0.3
1791085965.2832744,41208,Light,P-core,"[0, 1, 2, 3, 4, 5, 6, 7, 8, 9, 10, 11]",bandit,0.0,10.6,0.0,1.0,0.0,-0.3000,122.6400,0.0289,0.7,0.3
1791085965.2832744,44592,Light,P-core,"[0, 1, 2, 3, 4, 5, 6, 7, 8, 9, 10, 11]",bandit,0.0,12.5,0.0,1.0,0.0,-0.3000,122.8500,0.0290,0.7,0.3
1791085966.3339334,29852,Heavy,E-core,"[12, 13, 14, 15, 16, 17, 18, 19, 20, 21, 22, 23]",bandit,0.0,297.9,0.0,1.1,1.0,-0.0900,122.8500,0.0995,0.7,0.3
1791085966.3339334,43336,Heavy,E-core,"[12, 13, 14, 15, 16, 17, 18, 19, 20, 21, 22, 23]",bandit,0.0,398.8,0.0,1.1,1.0,-0.0900,122.8500,0.0994,0.7,0.3
1791085966.3339334,41208,Light,E-core,"[12, 13, 14, 15, 16, 17, 18, 19, 20, 21, 22, 23]",bandit,0.0,2.9,0.0,1.1,0.0,-0.3000,123.0600,0.0251,0.7,0.3
1791085966.3339334,44592,Light,E-core,"[12, 13, 14, 15, 16, 17, 18, 19, 20, 21, 22, 23]",bandit,0.0,2.9,0.0,1.1,0.0,-0.3000,123.2700,0.0251,0.7,0.3
1791085967.3762248,29852,Heavy,E-core,"[12, 13, 14, 15, 16, 17, 18, 19, 20, 21, 22, 23]",bandit,0.0,310.9,0.0,1.0,1.0,-0.0900,123.2700,0.0966,0.7,0.3
1791085967.3762248,43336,Heavy,P-core,"[0, 1, 2, 3, 4, 5, 6, 7, 8, 9, 10, 11]",bandit,0.0,503.7,0.0,1.0,1.0,-0.0900,123.2700,0.1064,0.7,0.3
1791085967.3762248,41208,Light,E-core,"[12, 13, 14, 15, 16, 17, 18, 19, 20, 21, 22, 23]",bandit,0.0,3.8,0.0,1.0,1.0,-0.0900,123.2700,0.0963,0.7,0.3
1791085967.3762248,44592,Light,E-core,"[12, 13, 14, 15, 16, 17, 18, 19, 20, 21, 22, 23]",bandit,0.0,6.7,0.0,1.0,1.0,-0.0900,123.2700,0.0962,0.7,0.3
1791085968.4149613,29852,Heavy,P-core,"[0, 1, 2, 3, 4, 5, 6, 7, 8, 9, 10, 11]",bandit,0.0,397.6,0.0,1.0,1.0,-0.0900,123.2700,0.1276,0.7,0.3
1791085968.4149613,43336,Heavy,P-core,"[0, 1, 2, 3, 4, 5, 6, 7, 8, 9, 10, 11]",bandit,0.0,745.1,0.0,1.0,0.0,-0.3000,123.4800,0.0614,0.7,0.3
1791085968.4149613,41208,Light,P-core,"[0, 1, 2, 3, 4, 5, 6, 7, 8, 9, 10, 11]",bandit,0.0,2.9,0.0,1.0,1.0,-0.0900,123.4800,0.1221,0.7,0.3
1791085968.4149613,44592,Light,P-core,"[0, 1, 2, 3, 4, 5, 6, 7, 8, 9, 10, 11]",bandit,0.0,2.9,0.0,1.0,1.0,-0.0900,123.4800,0.1220,0.7,0.3
1791085969.4571595,29852,Heavy,E-core,"[12, 13, 14, 15, 16, 17, 18, 19, 20, 21, 22, 23]",bandit,0.0,639.0,0.0,1.0,0.0,-0.3000,123.6900,0.0268,0.7,0.3
1791085969.4571595,43336,Heavy,E-core,"[12, 13, 14, 15, 16, 17, 18, 19, 20, 21, 22, 23]",bandit,0.0,554.6,0.0,1.0,0.0,-0.3000,123.9000,0.0268,0.7,0.3
1791085969.4571595,41208,Light,E-core,"[12, 13, 14, 15, 16, 17, 18, 19, 20, 21, 22, 23]",bandit,0.0,12.5,0.0,1.0,0.0,-0.3000,124.1100,0.0269,0.7,0.3
1791085969.4571595,44592,Light,E-core,"[12, 13, 14, 15, 16, 17, 18, 19, 20, 21, 22, 23]",bandit,0.0,11.5,0.0,1.0,0.0,-0.3000,124.3200,0.0269,0.7,0.3
1791085970.4963338,29852,Heavy,P-core,"[0, 1, 2, 3, 4, 5, 6, 7, 8, 9, 10, 11]",bandit,0.0,226.1,0.0,1.0,1.0,-0.0900,124.3200,0.1094,0.7,0.3
1791085970.4963338,43336,Heavy,P-core,"[0, 1, 2, 3, 4, 5, 6, 7, 8, 9, 10, 11]",bandit,0.0,234.8,0.0,1.0,1.0,-0.0900,124.3200,0.1096,0.7,0.3
1791085970.4963338,41208,Light,P-core,"[0, 1, 2, 3, 4, 5, 6, 7, 8, 9, 10, 11]",bandit,0.0,4.8,0.0,1.0,1.0,-0.0900,124.3200,0.1156,0.7,0.3
1791085970.4963338,44592,Light,P-core,"[0, 1, 2, 3, 4, 5, 6, 7, 8, 9, 10, 11]",bandit,0.0,5.8,0.0,1.0,1.0,-0.0900,124.3200,0.1154,0.7,0.3
1791085971.5376818,29852,Heavy,E-core,"[12, 13, 14, 15, 16, 17, 18, 19, 20, 21, 22, 23]",bandit,0.0,551.2,0.0,1.0,0.0,-0.3000,124.5300,0.0272,0.7,0.3
1791085971.5376818,43336,Heavy,E-core,"[12, 13, 14, 15, 16, 17, 18, 19, 20, 21, 22, 23]",bandit,0.0,573.3,0.0,1.0,0.0,-0.3000,124.7400,0.0272,0.7,0.3
1791085971.5376818,41208,Light,P-core,"[0, 1, 2, 3, 4, 5, 6, 7, 8, 9, 10, 11]",bandit,0.0,15.4,0.0,1.0,0.0,-0.3000,124.9500,0.0313,0.7,0.3
1791085971.5376818,44592,Light,P-core,"[0, 1, 2, 3, 4, 5, 6, 7, 8, 9, 10, 11]",bandit,0.0,13.4,0.0,1.0,0.0,-0.3000,125.1600,0.0318,0.7,0.3
1791085972.5786583,29852,Heavy,P-core,"[0, 1, 2, 3, 4, 5, 6, 7, 8, 9, 10, 11]",bandit,0.0,483.2,0.0,1.0,1.0,-0.0900,125.1600,0.1098,0.7,0.3
1791085972.5786583,43336,Heavy,P-core,"[0, 1, 2, 3, 4, 5, 6, 7, 8, 9, 10, 11]",bandit,0.0,361.2,0.0,1.0,1.0,-0.0900,125.1600,0.0971,0.7,0.3
1791085972.5786583,41208,Light,P-core,"[0, 1, 2, 3, 4, 5, 6, 7, 8, 9, 10, 11]",bandit,0.0,3.8,0.0,1.0,0.0,-0.3000,125.3700,0.0351,0.7,0.3
1791085972.5786583,44592,Light,P-core,"[0, 1, 2, 3, 4, 5, 6, 7, 8, 9, 10, 11]",bandit,0.0,6.7,0.0,1.0,0.0,-0.3000,125.5800,0.0339,0.7,0.3
1791085973.6211252,29852,Heavy,P-core,"[0, 1, 2, 3, 4, 5, 6, 7, 8, 9, 10, 11]",bandit,0.0,820.2,0.0,1.0,0.0,-0.3000,125.7900,0.0410,0.7,0.3
1791085973.6211252,43336,Heavy,P-core,"[0, 1, 2, 3, 4, 5, 6, 7, 8, 9, 10, 11]",bandit,0.0,722.3,0.0,1.0,0.0,-0.3000,126.0000,0.0276,0.7,0.3
1791085973.6211252,41208,Light,E-core,"[12, 13, 14, 15, 16, 17, 18, 19, 20, 21, 22, 23]",bandit,0.0,5.8,0.0,1.0,0.0,-0.3000,126.2100,0.0258,0.7,0.3
1791085973.6211252,44592,Light,E-core,"[12, 13, 14, 15, 16, 17, 18, 19, 20, 21, 22, 23]",bandit,0.0,6.7,0.0,1.0,0.0,-0.3000,126.4200,0.0258,0.7,0.3
1791085974.662187,29852,Heavy,P-core,"[0, 1, 2, 3, 4, 5, 6, 7, 8, 9, 10, 11]",bandit,0.0,763.6,0.0,1.0,0.0,-0.3000,126.6300,0.0435,0.7,0.3
1791085974.662187,43336,Heavy,P-core,"[0, 1, 2, 3, 4, 5, 6, 7, 8, 9, 10, 11]",bandit,0.0,791.5,0.0,1.0,0.0,-0.3000,126.8400,0.0464,0.7,0.3
1791085974.662187,41208,Light,E-core,"[12, 13, 14, 15, 16, 17, 18, 19, 20, 21, 22, 23]",bandit,0.0,2.9,0.0,1.0,1.0,-0.0900,126.8400,0.0967,0.7,0.3
1791085974.662187,44592,Light,E-core,"[12, 13, 14, 15, 16, 17, 18, 19, 20, 21, 22, 23]",bandit,0.0,3.8,0.0,1.0,1.0,-0.0900,126.8400,0.0967,0.7,0.3
1791085975.7035935,29852,Heavy,P-core,"[0, 1, 2, 3, 4, 5, 6, 7, 8, 9, 10, 11]",bandit,0.0,900.7,0.0,1.0,0.0,-0.3000,127.0500,0.0583,0.7,0.3
1791085975.7035935,43336,Heavy,P-core,"[0, 1, 2, 3, 4, 5, 6, 7, 8, 9, 10, 11]",bandit,0.0,848.9,0.0,1.0,0.0,-0.3000,127.2600,0.0491,0.7,0.3
1791085975.7035935,41208,Light,E-core,"[12, 13, 14, 15, 16, 17, 18, 19, 20, 21, 22, 23]",bandit,0.0,15.4,0.0,1.0,1.0,-0.0900,127.2600,0.0963,0.7,0.3
1791085975.7035935,44592,Light,E-core,"[12, 13, 14, 15, 16, 17, 18, 19, 20, 21, 22, 23]",bandit,0.0,15.4,0.0,1.0,1.0,-0.0900,127.2600,0.0959,0.7,0.3
1791085976.7408898,29852,Heavy,P-core,"[0, 1, 2, 3, 4, 5, 6, 7, 8, 9, 10, 11]",bandit,0.0,1181.0,0.0,1.0,0.0,-0.3000,127.4700,0.1424,0.7,0.3
1791085976.7408898,43336,Heavy,P-core,"[0, 1, 2, 3, 4, 5, 6, 7, 8, 9, 10, 11]",bandit,0.0,1408.5,0.0,1.0,0.0,-0.3000,127.6800,0.1757,0.7,0.3
1791085976.7408898,41208,Light,P-core,"[0, 1, 2, 3, 4, 5, 6, 7, 8, 9, 10, 11]",bandit,0.0,10.6,0.0,1.0,1.0,-0.0900,127.6800,0.1399,0.7,0.3
1791085976.7408898,44592,Light,P-core,"[0, 1, 2, 3, 4, 5, 6, 7, 8, 9, 10, 11]",bandit,0.0,10.6,0.0,1.0,1.0,-0.0900,127.6800,0.1397,0.7,0.3
1791085977.781989,29852,Heavy,P-core,"[0, 1, 2, 3, 4, 5, 6, 7, 8, 9, 10, 11]",bandit,0.0,779.0,0.0,1.0,0.0,-0.3000,127.8900,0.0365,0.7,0.3
1791085977.781989,43336,Heavy,E-core,"[12, 13, 14, 15, 16, 17, 18, 19, 20, 21, 22, 23]",bandit,0.0,649.3,0.0,1.0,0.0,-0.3000,128.1000,0.0274,0.7,0.3
1791085977.781989,41208,Light,P-core,"[0, 1, 2, 3, 4, 5, 6, 7, 8, 9, 10, 11]",bandit,0.0,6.7,0.0,1.0,0.0,-0.3000,128.3100,0.0353,0.7,0.3
1791085977.781989,44592,Light,P-core,"[0, 1, 2, 3, 4, 5, 6, 7, 8, 9, 10, 11]",bandit,0.0,4.8,0.0,1.0,0.0,-0.3000,128.5200,0.0359,0.7,0.3
1791085978.8219433,29852,Heavy,P-core,"[0, 1, 2, 3, 4, 5, 6, 7, 8, 9, 10, 11]",bandit,0.0,767.3,0.0,1.0,0.0,-0.3000,128.7300,0.0441,0.7,0.3
1791085978.8219433,43336,Heavy,P-core,"[0, 1, 2, 3, 4, 5, 6, 7, 8, 9, 10, 11]",bandit,0.0,387.5,0.0,1.0,1.0,-0.0900,128.7300,0.1086,0.7,0.3
1791085978.8219433,41208,Light,P-core,"[0, 1, 2, 3, 4, 5, 6, 7, 8, 9, 10, 11]",bandit,0.0,13.5,0.0,1.0,0.0,-0.3000,128.9400,0.0443,0.7,0.3
1791085978.8219433,44592,Light,P-core,"[0, 1, 2, 3, 4, 5, 6, 7, 8, 9, 10, 11]",bandit,0.0,11.5,0.0,1.0,0.0,-0.3000,129.1500,0.0437,0.7,0.3
1791085979.8665524,29852,Heavy,E-core,"[12, 13, 14, 15, 16, 17, 18, 19, 20, 21, 22, 23]",bandit,0.0,673.9,0.0,1.0,0.0,-0.3000,129.3600,0.0240,0.7,0.3
1791085979.8665524,43336,Heavy,E-core,"[12, 13, 14, 15, 16, 17, 18, 19, 20, 21, 22, 23]",bandit,0.0,567.7,0.0,1.0,0.0,-0.3000,129.5700,0.0240,0.7,0.3
1791085979.8665524,41208,Light,E-core,"[12, 13, 14, 15, 16, 17, 18, 19, 20, 21, 22, 23]",bandit,0.0,6.7,0.0,1.0,0.0,-0.3000,129.7800,0.0242,0.7,0.3
1791085979.8665524,44592,Light,E-core,"[12, 13, 14, 15, 16, 17, 18, 19, 20, 21, 22, 23]",bandit,0.0,4.8,0.0,1.0,0.0,-0.3000,129.9900,0.0242,0.7,0.3
1791085980.9108644,29852,Heavy,E-core,"[12, 13, 14, 15, 16, 17, 18, 19, 20, 21, 22, 23]",bandit,0.0,216.4,0.0,1.0,1.0,-0.0900,129.9900,0.0951,0.7,0.3
1791085980.9108644,43336,Heavy,E-core,"[12, 13, 14, 15, 16, 17, 18, 19, 20, 21, 22, 23]",bandit,0.0,238.4,0.0,1.0,1.0,-0.0900,129.9900,0.0951,0.7,0.3
1791085980.9108644,41208,Light,E-core,"[12, 13, 14, 15, 16, 17, 18, 19, 20, 21, 22, 23]",bandit,0.0,2.9,0.0,1.0,1.0,-0.0900,129.9900,0.0951,0.7,0.3
1791085980.9108644,44592,Light,E-core,"[12, 13, 14, 15, 16, 17, 18, 19, 20, 21, 22, 23]",bandit,0.0,2.9,0.0,1.0,1.0,-0.0900,129.9900,0.0951,0.7,0.3
1791085981.9456098,29852,Heavy,P-core,"[0, 1, 2, 3, 4, 5, 6, 7, 8, 9, 10, 11]",bandit,0.0,474.5,0.0,1.0,1.0,-0.0900,129.9900,0.1881,0.7,0.3
1791085981.9456098,43336,Heavy,P-core,"[0, 1, 2, 3, 4, 5, 6, 7, 8, 9, 10, 11]",bandit,0.0,186.5,0.0,1.0,1.0,-0.0900,129.9900,0.1749,0.7,0.3
1791085981.9456098,41208,Light,P-core,"[0, 1, 2, 3, 4, 5, 6, 7, 8, 9, 10, 11]",bandit,0.0,2.9,0.0,1.0,1.0,-0.0900,129.9900,0.1810,0.7,0.3
1791085981.9456098,44592,Light,P-core,"[0, 1, 2, 3, 4, 5, 6, 7, 8, 9, 10, 11]",bandit,0.0,2.9,0.0,1.0,1.0,-0.0900,129.9900,0.1809,0.7,0.3
1791085982.9886959,29852,Heavy,E-core,"[12, 13, 14, 15, 16, 17, 18, 19, 20, 21, 22, 23]",bandit,0.0,573.3,0.0,1.0,0.0,-0.3000,130.2000,0.0252,0.7,0.3
1791085982.9886959,43336,Heavy,E-core,"[12, 13, 14, 15, 16, 17, 18, 19, 20, 21, 22, 23]",bandit,0.0,779.4,0.0,1.0,0.0,-0.3000,130.4100,0.0252,0.7,0.3
1791085982.9886959,41208,Light,E-core,"[12, 13, 14, 15, 16, 17, 18, 19, 20, 21, 22, 23]",bandit,0.0,4.8,0.0,1.0,0.0,-0.3000,130.6200,0.0254,0.7,0.3
1791085982.9886959,44592,Light,E-core,"[12, 13, 14, 15, 16, 17, 18, 19, 20, 21, 22, 23]",bandit,0.0,5.8,0.0,1.0,0.0,-0.3000,130.8300,0.0253,0.7,0.3
1791085984.0448792,29852,Heavy,E-core,"[12, 13, 14, 15, 16, 17, 18, 19, 20, 21, 22, 23]",bandit,0.0,214.9,0.0,1.1,1.0,-0.0900,130.8300,0.1027,0.7,0.3
1791085984.0448792,43336,Heavy,E-core,"[12, 13, 14, 15, 16, 17, 18, 19, 20, 21, 22, 23]",bandit,0.0,178.9,0.0,1.1,1.0,-0.0900,130.8300,0.1026,0.7,0.3
1791085984.0448792,41208,Light,E-core,"[12, 13, 14, 15, 16, 17, 18, 19, 20, 21, 22, 23]",bandit,0.0,1.9,0.0,1.1,1.0,-0.0900,130.8300,0.1027,0.7,0.3
1791085984.0448792,44592,Light,E-core,"[12, 13, 14, 15, 16, 17, 18, 19, 20, 21, 22, 23]",bandit,0.0,1.9,0.0,1.1,1.0,-0.0900,130.8300,0.1026,0.7,0.3
1791085985.0848987,29852,Heavy,P-core,"[0, 1, 2, 3, 4, 5, 6, 7, 8, 9, 10, 11]",bandit,0.0,295.2,0.0,1.0,1.0,-0.0900,130.8300,0.1014,0.7,0.3
1791085985.0848987,43336,Heavy,P-core,"[0, 1, 2, 3, 4, 5, 6, 7, 8, 9, 10, 11]",bandit,0.0,427.9,0.0,1.0,1.0,-0.0900,130.8300,0.1107,0.7,0.3
1791085985.0848987,41208,Light,P-core,"[0, 1, 2, 3, 4, 5, 6, 7, 8, 9, 10, 11]",bandit,0.0,1.9,0.0,1.0,1.0,-0.0900,130.8300,0.1071,0.7,0.3
1791085985.0848987,44592,Light,P-core,"[0, 1, 2, 3, 4, 5, 6, 7, 8, 9, 10, 11]",bandit,0.0,1.9,0.0,1.0,1.0,-0.0900,130.8300,0.1071,0.7,0.3
1791085986.1710737,29852,Heavy,E-core,"[12, 13, 14, 15, 16, 17, 18, 19, 20, 21, 22, 23]",bandit,0.0,768.8,0.0,1.1,0.0,-0.3000,131.0400,0.0835,0.7,0.3
1791085986.1710737,43336,Heavy,E-core,"[12, 13, 14, 15, 16, 17, 18, 19, 20, 21, 22, 23]",bandit,0.0,671.2,0.0,1.1,0.0,-0.3000,131.2500,0.0829,0.7,0.3
1791085986.1710737,41208,Light,E-core,"[12, 13, 14, 15, 16, 17, 18, 19, 20, 21, 22, 23]",bandit,0.0,6.4,0.0,1.1,0.0,-0.3000,131.4600,0.0826,0.7,0.3
1791085986.1710737,44592,Light,E-core,"[12, 13, 14, 15, 16, 17, 18, 19, 20, 21, 22, 23]",bandit,0.0,5.5,0.0,1.1,0.0,-0.3000,131.6700,0.0820,0.7,0.3
1791085987.2140062,29852,Heavy,E-core,"[12, 13, 14, 15, 16, 17, 18, 19, 20, 21, 22, 23]",bandit,0.0,454.5,0.0,1.0,1.0,-0.0900,131.6700,0.0925,0.7,0.3
1791085987.2140062,43336,Heavy,E-core,"[12, 13, 14, 15, 16, 17, 18, 19, 20, 21, 22, 23]",bandit,0.0,443.9,0.0,1.0,1.0,-0.0900,131.6700,0.0924,0.7,0.3
1791085987.2140062,41208,Light,E-core,"[12, 13, 14, 15, 16, 17, 18, 19, 20, 21, 22, 23]",bandit,0.0,1.9,0.0,1.0,1.0,-0.0900,131.6700,0.0924,0.7,0.3
1791085987.2140062,44592,Light,E-core,"[12, 13, 14, 15, 16, 17, 18, 19, 20, 21, 22, 23]",bandit,0.0,1.9,0.0,1.0,1.0,-0.0900,131.6700,0.0924,0.7,0.3
1791085988.2559748,29852,Heavy,E-core,"[12, 13, 14, 15, 16, 17, 18, 19, 20, 21, 22, 23]",bandit,0.0,377.2,0.0,1.0,1.0,-0.0900,131.6700,0.0923,0.7,0.3
1791085988.2559748,43336,Heavy,E-core,"[12, 13, 14, 15, 16, 17, 18, 19, 20, 21, 22, 23]",bandit,0.0,139.2,0.0,1.0,1.0,-0.0900,131.6700,0.0920,0.7,0.3
1791085988.2559748,41208,Light,E-core,"[12, 13, 14, 15, 16, 17, 18, 19, 20, 21, 22, 23]",bandit,0.0,1.9,0.0,1.0,1.0,-0.0900,131.6700,0.0917,0.7,0.3
1791085988.2559748,44592,Light,E-core,"[12, 13, 14, 15, 16, 17, 18, 19, 20, 21, 22, 23]",bandit,0.0,2.9,0.0,1.0,1.0,-0.0900,131.6700,0.0914,0.7,0.3
1791085989.3007147,29852,Heavy,E-core,"[12, 13, 14, 15, 16, 17, 18, 19, 20, 21, 22, 23]",bandit,0.0,403.9,0.0,1.0,1.0,-0.0900,131.6700,0.0900,0.7,0.3
1791085989.3007147,43336,Heavy,E-core,"[12, 13, 14, 15, 16, 17, 18, 19, 20, 21, 22, 23]",bandit,0.0,252.7,0.0,1.0,1.0,-0.0900,131.6700,0.0897,0.7,0.3
1791085989.3007147,41208,Light,E-core,"[12, 13, 14, 15, 16, 17, 18, 19, 20, 21, 22, 23]",bandit,0.0,2.9,0.0,1.0,1.0,-0.0900,131.6700,0.0894,0.7,0.3
1791085989.3007147,44592,Light,E-core,"[12, 13, 14, 15, 16, 17, 18, 19, 20, 21, 22, 23]",bandit,0.0,1.9,0.0,1.0,1.0,-0.0900,131.6700,0.0890,0.7,0.3
1791085990.3422065,29852,Heavy,P-core,"[0, 1, 2, 3, 4, 5, 6, 7, 8, 9, 10, 11]",bandit,0.0,455.1,0.0,1.0,1.0,-0.0900,131.6700,0.0988,0.7,0.3
1791085990.3422065,43336,Heavy,E-core,"[12, 13, 14, 15, 16, 17, 18, 19, 20, 21, 22, 23]",bandit,0.0,314.9,0.0,1.0,1.0,-0.0900,131.6700,0.0895,0.7,0.3
1791085990.3422065,41208,Light,P-core,"[0, 1, 2, 3, 4, 5, 6, 7, 8, 9, 10, 11]",bandit,0.0,2.9,0.0,1.0,1.0,-0.0900,131.6700,0.0930,0.7,0.3
1791085990.3422065,44592,Light,P-core,"[0, 1, 2, 3, 4, 5, 6, 7, 8, 9, 10, 11]",bandit,0.0,2.9,0.0,1.0,1.0,-0.0900,131.6700,0.0929,0.7,0.3
1791085991.3848443,29852,Heavy,P-core,"[0, 1, 2, 3, 4, 5, 6, 7, 8, 9, 10, 11]",bandit,0.0,771.1,0.0,1.0,0.0,-0.3000,131.8800,0.0283,0.7,0.3
1791085991.3848443,43336,Heavy,E-core,"[12, 13, 14, 15, 16, 17, 18, 19, 20, 21, 22, 23]",bandit,0.0,437.4,0.0,1.0,1.0,-0.0900,131.8800,0.0879,0.7,0.3
1791085991.3848443,41208,Light,P-core,"[0, 1, 2, 3, 4, 5, 6, 7, 8, 9, 10, 11]",bandit,0.0,3.8,0.0,1.0,0.0,-0.3000,132.0900,0.0296,0.7,0.3
1791085991.3848443,44592,Light,P-core,"[0, 1, 2, 3, 4, 5, 6, 7, 8, 9, 10, 11]",bandit,0.0,4.8,0.0,1.0,0.0,-0.3000,132.3000,0.0296,0.7,0.3
1791085992.4307947,29852,Heavy,E-core,"[12, 13, 14, 15, 16, 17, 18, 19, 20, 21, 22, 23]",bandit,0.0,889.1,0.0,1.0,0.0,-0.3000,132.5100,0.0251,0.7,0.3
1791085992.4307947,43336,Heavy,E-core,"[12, 13, 14, 15, 16, 17, 18, 19, 20, 21, 22, 23]",bandit,0.0,376.7,0.0,1.0,1.0,-0.0900,132.5100,0.0870,0.7,0.3
1791085992.4307947,41208,Light,E-core,"[12, 13, 14, 15, 16, 17, 18, 19, 20, 21, 22, 23]",bandit,0.0,4.8,0.0,1.0,0.0,-0.3000,132.7200,0.0254,0.7,0.3
1791085992.4307947,44592,Light,E-core,"[12, 13, 14, 15, 16, 17, 18, 19, 20, 21, 22, 23]",bandit,0.0,5.7,0.0,1.0,0.0,-0.3000,132.9300,0.0254,0.7,0.3
1791085993.4747908,29852,Heavy,E-core,"[12, 13, 14, 15, 16, 17, 18, 19, 20, 21, 22, 23]",bandit,0.0,224.1,0.0,1.0,1.0,-0.0900,132.9300,0.0874,0.7,0.3
1791085993.4747908,43336,Heavy,E-core,"[12, 13, 14, 15, 16, 17, 18, 19, 20, 21, 22, 23]",bandit,0.0,241.4,0.0,1.0,1.0,-0.0900,132.9300,0.0870,0.7,0.3
1791085993.4747908,41208,Light,E-core,"[12, 13, 14, 15, 16, 17, 18, 19, 20, 21, 22, 23]",bandit,0.0,2.9,0.0,1.0,1.0,-0.0900,132.9300,0.0871,0.7,0.3
1791085993.4747908,44592,Light,E-core,"[12, 13, 14, 15, 16, 17, 18, 19, 20, 21, 22, 23]",bandit,0.0,4.8,0.0,1.0,1.0,-0.0900,132.9300,0.0871,0.7,0.3
1791085994.5171835,29852,Heavy,E-core,"[12, 13, 14, 15, 16, 17, 18, 19, 20, 21, 22, 23]",bandit,0.0,213.0,0.0,1.0,1.0,-0.0900,132.9300,0.0873,0.7,0.3
1791085994.5171835,43336,Heavy,E-core,"[12, 13, 14, 15, 16, 17, 18, 19, 20, 21, 22, 23]",bandit,0.0,254.2,0.0,1.0,1.0,-0.0900,132.9300,0.0869,0.7,0.3
1791085994.5171835,41208,Light,E-core,"[12, 13, 14, 15, 16, 17, 18, 19, 20, 21, 22, 23]",bandit,0.0,2.9,0.0,1.0,1.0,-0.0900,132.9300,0.0867,0.7,0.3
1791085994.5171835,44592,Light,E-core,"[12, 13, 14, 15, 16, 17, 18, 19, 20, 21, 22, 23]",bandit,0.0,2.9,0.0,1.0,1.0,-0.0900,132.9300,0.0864,0.7,0.3
1791085995.5542288,29852,Heavy,P-core,"[0, 1, 2, 3, 4, 5, 6, 7, 8, 9, 10, 11]",bandit,0.0,224.7,0.0,1.0,1.0,-0.0900,132.9300,0.1343,0.7,0.3
1791085995.5542288,43336,Heavy,P-core,"[0, 1, 2, 3, 4, 5, 6, 7, 8, 9, 10, 11]",bandit,0.0,227.6,0.0,1.0,1.0,-0.0900,132.9300,0.1342,0.7,0.3
1791085995.5542288,41208,Light,P-core,"[0, 1, 2, 3, 4, 5, 6, 7, 8, 9, 10, 11]",bandit,0.0,4.8,0.0,1.0,1.0,-0.0900,132.9300,0.1408,0.7,0.3
1791085995.5542288,44592,Light,P-core,"[0, 1, 2, 3, 4, 5, 6, 7, 8, 9, 10, 11]",bandit,0.0,2.9,0.0,1.0,1.0,-0.0900,132.9300,0.1408,0.7,0.3
1791085996.5917528,29852,Heavy,P-core,"[0, 1, 2, 3, 4, 5, 6, 7, 8, 9, 10, 11]",bandit,0.0,649.6,0.0,1.0,0.0,-0.3000,133.1400,0.0677,0.7,0.3
1791085996.5917528,43336,Heavy,P-core,"[0, 1, 2, 3, 4, 5, 6, 7, 8, 9, 10, 11]",bandit,0.0,785.5,0.0,1.0,0.0,-0.3000,133.3500,0.0834,0.7,0.3
1791085996.5917528,41208,Light,P-core,"[0, 1, 2, 3, 4, 5, 6, 7, 8, 9, 10, 11]",bandit,0.0,4.8,0.0,1.0,0.0,-0.3000,133.5600,0.0792,0.7,0.3
1791085996.5917528,44592,Light,P-core,"[0, 1, 2, 3, 4, 5, 6, 7, 8, 9, 10, 11]",bandit,0.0,2.9,0.0,1.0,0.0,-0.3000,133.7700,0.0795,0.7,0.3
1791085997.6367993,29852,Heavy,P-core,"[0, 1, 2, 3, 4, 5, 6, 7, 8, 9, 10, 11]",bandit,0.0,910.0,0.0,1.0,0.0,-0.3000,133.9800,0.0331,0.7,0.3
1791085997.6367993,43336,Heavy,E-core,"[12, 13, 14, 15, 16, 17, 18, 19, 20, 21, 22, 23]",bandit,0.0,735.9,0.0,1.0,0.0,-0.3000,134.1900,0.0265,0.7,0.3
1791085997.6367993,41208,Light,E-core,"[12, 13, 14, 15, 16, 17, 18, 19, 20, 21, 22, 23]",bandit,0.0,4.8,0.0,1.0,0.0,-0.3000,134.4000,0.0267,0.7,0.3
1791085997.6367993,44592,Light,E-core,"[12, 13, 14, 15, 16, 17, 18, 19, 20, 21, 22, 23]",bandit,0.0,5.7,0.0,1.0,0.0,-0.3000,134.6100,0.0267,0.7,0.3
1791085998.6840825,29852,Heavy,E-core,"[12, 13, 14, 15, 16, 17, 18, 19, 20, 21, 22, 23]",bandit,0.0,825.0,0.0,1.0,0.0,-0.3000,134.8200,0.0255,0.7,0.3
1791085998.6840825,43336,Heavy,E-core,"[12, 13, 14, 15, 16, 17, 18, 19, 20, 21, 22, 23]",bandit,0.0,341.8,0.0,1.0,1.0,-0.0900,134.8200,0.0848,0.7,0.3
1791085998.6840825,41208,Light,E-core,"[12, 13, 14, 15, 16, 17, 18, 19, 20, 21, 22, 23]",bandit,0.0,2.9,0.0,1.0,1.0,-0.0900,134.8200,0.0849,0.7,0.3
1791085998.6840825,44592,Light,E-core,"[12, 13, 14, 15, 16, 17, 18, 19, 20, 21, 22, 23]",bandit,0.0,2.9,0.0,1.0,1.0,-0.0900,134.8200,0.0848,0.7,0.3
1791085999.7268717,29852,Heavy,E-core,"[12, 13, 14, 15, 16, 17, 18, 19, 20, 21, 22, 23]",bandit,0.0,322.2,0.0,1.0,1.0,-0.0900,134.8200,0.0853,0.7,0.3
1791085999.7268717,43336,Heavy,E-core,"[12, 13, 14, 15, 16, 17, 18, 19, 20, 21, 22, 23]",bandit,0.0,318.4,0.0,1.0,1.0,-0.0900,134.8200,0.0849,0.7,0.3
1791085999.7268717,41208,Light,E-core,"[12, 13, 14, 15, 16, 17, 18, 19, 20, 21, 22, 23]",bandit,0.0,1.9,0.0,1.0,1.0,-0.0900,134.8200,0.0847,0.7,0.3
1791085999.7268717,44592,Light,E-core,"[12, 13, 14, 15, 16, 17, 18, 19, 20, 21, 22, 23]",bandit,0.0,4.8,0.0,1.0,1.0,-0.0900,134.8200,0.0844,0.7,0.3
1791086000.7714844,29852,Heavy,E-core,"[12, 13, 14, 15, 16, 17, 18, 19, 20, 21, 22, 23]",bandit,0.0,281.4,0.0,1.0,1.0,-0.0900,134.8200,0.0833,0.7,0.3
1791086000.7714844,43336,Heavy,E-core,"[12, 13, 14, 15, 16, 17, 18, 19, 20, 21, 22, 23]",bandit,0.0,379.1,0.0,1.0,1.0,-0.0900,134.8200,0.0829,0.7,0.3
1791086000.7714844,41208,Light,E-core,"[12, 13, 14, 15, 16, 17, 18, 19, 20, 21, 22, 23]",bandit,0.0,2.9,0.0,1.0,1.0,-0.0900,134.8200,0.0828,0.7,0.3
1791086000.7714844,44592,Light,E-core,"[12, 13, 14, 15, 16, 17, 18, 19, 20, 21, 22, 23]",bandit,0.0,5.7,0.0,1.0,1.0,-0.0900,134.8200,0.0824,0.7,0.3
1791086001.8103142,29852,Heavy,P-core,"[0, 1, 2, 3, 4, 5, 6, 7, 8, 9, 10, 11]",bandit,0.0,402.4,0.0,1.0,1.0,-0.0900,134.8200,0.1190,0.7,0.3
1791086001.8103142,43336,Heavy,P-core,"[0, 1, 2, 3, 4, 5, 6, 7, 8, 9, 10, 11]",bandit,0.0,268.6,0.0,1.0,1.0,-0.0900,134.8200,0.1104,0.7,0.3
1791086001.8103142,41208,Light,P-core,"[0, 1, 2, 3, 4, 5, 6, 7, 8, 9, 10, 11]",bandit,0.0,3.9,0.0,1.0,1.0,-0.0900,134.8200,0.1166,0.7,0.3
1791086001.8103142,44592,Light,P-core,"[0, 1, 2, 3, 4, 5, 6, 7, 8, 9, 10, 11]",bandit,0.0,1.9,0.0,1.0,1.0,-0.0900,134.8200,0.1167,0.7,0.3
1791086002.849611,29852,Heavy,P-core,"[0, 1, 2, 3, 4, 5, 6, 7, 8, 9, 10, 11]",bandit,0.0,1324.0,0.0,1.0,0.0,-0.3000,135.0300,0.1384,0.7,0.3
1791086002.849611,43336,Heavy,P-core,"[0, 1, 2, 3, 4, 5, 6, 7, 8, 9, 10, 11]",bandit,0.0,1072.8,0.0,1.0,0.0,-0.3000,135.2400,0.1007,0.7,0.3
1791086002.849611,41208,Light,P-core,"[0, 1, 2, 3, 4, 5, 6, 7, 8, 9, 10, 11]",bandit,0.0,6.7,0.0,1.0,0.0,-0.3000,135.4500,0.0588,0.7,0.3
1791086002.849611,44592,Light,P-core,"[0, 1, 2, 3, 4, 5, 6, 7, 8, 9, 10, 11]",bandit,0.0,5.8,0.0,1.0,0.0,-0.3000,135.6600,0.0591,0.7,0.3
1791086004.3080616,39340,Heavy,E-core,"[12, 13, 14, 15, 16, 17, 18, 19, 20, 21, 22, 23]",heuristic,0.0,612.0,0.0,1.0,0.0,0.0000,0.0000,0.0000,0.7,0.3
1791086004.3080616,45556,Heavy,E-core,"[12, 13, 14, 15, 16, 17, 18, 19, 20, 21, 22, 23]",heuristic,0.0,646.9,0.0,1.0,0.0,0.0000,0.0000,0.0000,0.7,0.3
1791086004.942358,39340,Heavy,E-core,"[12, 13, 14, 15, 16, 17, 18, 19, 20, 21, 22, 23]",heuristic,0.0,374.7,0.0,1.0,1.0,0.0000,135.6600,0.0000,0.7,0.3
1791086004.942358,45556,Heavy,E-core,"[12, 13, 14, 15, 16, 17, 18, 19, 20, 21, 22, 23]",heuristic,0.0,246.9,0.0,1.0,1.0,0.0000,135.6600,0.0000,0.7,0.3
1791086004.942358,46100,Light,E-core,"[12, 13, 14, 15, 16, 17, 18, 19, 20, 21, 22, 23]",heuristic,0.0,3.8,0.0,1.0,0.0,0.0000,135.6600,0.0000,0.7,0.3
1791086004.942358,29552,Light,E-core,"[12, 13, 14, 15, 16, 17, 18, 19, 20, 21, 22, 23]",heuristic,0.0,4.8,0.0,1.0,0.0,0.0000,135.6600,0.0000,0.7,0.3
1791086005.36955,39340,Heavy,E-core,"[12, 13, 14, 15, 16, 17, 18, 19, 20, 21, 22, 23]",heuristic,0.0,196.9,0.0,1.1,1.0,-0.0900,0.0000,0.0000,0.7,0.3
1791086005.36955,45556,Heavy,E-core,"[12, 13, 14, 15, 16, 17, 18, 19, 20, 21, 22, 23]",heuristic,0.0,186.5,0.0,1.1,1.0,-0.0900,0.0000,0.0000,0.7,0.3
1791086005.36955,46100,Light,E-core,"[12, 13, 14, 15, 16, 17, 18, 19, 20, 21, 22, 23]",heuristic,0.0,4.7,0.0,1.1,1.0,0.0000,0.0000,0.0000,0.7,0.3
1791086005.36955,29552,Light,E-core,"[12, 13, 14, 15, 16, 17, 18, 19, 20, 21, 22, 23]",heuristic,0.0,3.8,0.0,1.1,1.0,0.0000,0.0000,0.0000,0.7,0.3
1791086006.0285723,39340,Heavy,E-core,"[12, 13, 14, 15, 16, 17, 18, 19, 20, 21, 22, 23]",heuristic,0.0,67.2,0.0,1.1,1.0,-0.0900,135.6600,0.0000,0.7,0.3
1791086006.0285723,45556,Heavy,E-core,"[12, 13, 14, 15, 16, 17, 18, 19, 20, 21, 22, 23]",heuristic,0.0,265.1,0.0,1.1,1.0,-0.0900,135.6600,0.0000,0.7,0.3
1791086006.0285723,46100,Light,E-core,"[12, 13, 14, 15, 16, 17, 18, 19, 20, 21, 22, 23]",heuristic,0.0,5.5,0.0,1.1,1.0,-0.0900,135.6600,0.0000,0.7,0.3
1791086006.0285723,29552,Light,E-core,"[12, 13, 14, 15, 16, 17, 18, 19, 20, 21, 22, 23]",heuristic,0.0,2.8,0.0,1.1,1.0,-0.0900,135.6600,0.0000,0.7,0.3
1791086006.4263644,39340,Heavy,E-core,"[12, 13, 14, 15, 16, 17, 18, 19, 20, 21, 22, 23]",heuristic,0.0,77.6,0.0,1.1,1.0,-0.0900,0.0000,0.0000,0.7,0.3
1791086006.4263644,45556,Heavy,E-core,"[12, 13, 14, 15, 16, 17, 18, 19, 20, 21, 22, 23]",heuristic,0.0,284.8,0.0,1.1,1.0,-0.0900,0.0000,0.0000,0.7,0.3
1791086006.4263644,46100,Light,E-core,"[12, 13, 14, 15, 16, 17, 18, 19, 20, 21, 22, 23]",heuristic,0.0,4.7,0.0,1.1,1.0,-0.0900,0.0000,0.0000,0.7,0.3
1791086006.4263644,29552,Light,E-core,"[12, 13, 14, 15, 16, 17, 18, 19, 20, 21, 22, 23]",heuristic,0.0,2.8,0.0,1.1,1.0,-0.0900,0.0000,0.0000,0.7,0.3
1791086007.0718179,39340,Heavy,E-core,"[12, 13, 14, 15, 16, 17, 18, 19, 20, 21, 22, 23]",heuristic,0.0,76.7,0.0,1.0,1.0,-0.0900,135.6600,0.0000,0.7,0.3
1791086007.0718179,45556,Heavy,E-core,"[12, 13, 14, 15, 16, 17, 18, 19, 20, 21, 22, 23]",heuristic,0.0,284.7,0.0,1.0,1.0,-0.0900,135.6600,0.0000,0.7,0.3
1791086007.0718179,46100,Light,E-core,"[12, 13, 14, 15, 16, 17, 18, 19, 20, 21, 22, 23]",heuristic,0.0,2.9,0.0,1.0,1.0,-0.0900,135.6600,0.0000,0.7,0.3
1791086007.0718179,29552,Light,E-core,"[12, 13, 14, 15, 16, 17, 18, 19, 20, 21, 22, 23]",heuristic,0.0,2.9,0.0,1.0,1.0,-0.0900,135.6600,0.0000,0.7,0.3
1791086007.4748788,39340,Heavy,E-core,"[12, 13, 14, 15, 16, 17, 18, 19, 20, 21, 22, 23]",heuristic,0.0,81.1,0.0,1.0,1.0,-0.0900,0.0000,0.0000,0.7,0.3
1791086007.4748788,45556,Heavy,E-core,"[12, 13, 14, 15, 16, 17, 18, 19, 20, 21, 22, 23]",heuristic,0.0,286.1,0.0,1.0,1.0,-0.0900,0.0000,0.0000,0.7,0.3
1791086007.4748788,46100,Light,E-core,"[12, 13, 14, 15, 16, 17, 18, 19, 20, 21, 22, 23]",heuristic,0.0,2.9,0.0,1.0,1.0,-0.0900,0.0000,0.0000,0.7,0.3
1791086007.4748788,29552,Light,E-core,"[12, 13, 14, 15, 16, 17, 18, 19, 20, 21, 22, 23]",heuristic,0.0,2.9,0.0,1.0,1.0,-0.0900,0.0000,0.0000,0.7,0.3
1791086008.1198943,39340,Heavy,E-core,"[12, 13, 14, 15, 16, 17, 18, 19, 20, 21, 22, 23]",heuristic,0.0,79.2,0.0,1.0,1.0,-0.0900,135.6600,0.0000,0.7,0.3
1791086008.1198943,45556,Heavy,E-core,"[12, 13, 14, 15, 16, 17, 18, 19, 20, 21, 22, 23]",heuristic,0.0,291.0,0.0,1.0,1.0,-0.0900,135.6600,0.0000,0.7,0.3
1791086008.1198943,46100,Light,E-core,"[12, 13, 14, 15, 16, 17, 18, 19, 20, 21, 22, 23]",heuristic,0.0,2.9,0.0,1.0,1.0,-0.0900,135.6600,0.0000,0.7,0.3
1791086008.1198943,29552,Light,E-core,"[12, 13, 14, 15, 16, 17, 18, 19, 20, 21, 22, 23]",heuristic,0.0,2.9,0.0,1.0,1.0,-0.0900,135.6600,0.0000,0.7,0.3
1791086008.5216942,39340,Heavy,E-core,"[12, 13, 14, 15, 16, 17, 18, 19, 20, 21, 22, 23]",heuristic,0.0,87.9,0.0,1.0,1.0,-0.0900,0.0000,0.0000,0.7,0.3
1791086008.5216942,45556,Heavy,E-core,"[12, 13, 14, 15, 16, 17, 18, 19, 20, 21, 22, 23]",heuristic,0.0,290.4,0.0,1.0,1.0,-0.0900,0.0000,0.0000,0.7,0.3
1791086008.5216942,46100,Light,E-core,"[12, 13, 14, 15, 16, 17, 18, 19, 20, 21, 22, 23]",heuristic,0.0,2.9,0.0,1.0,1.0,-0.0900,0.0000,0.0000,0.7,0.3
1791086008.5216942,29552,Light,E-core,"[12, 13, 14, 15, 16, 17, 18, 19, 20, 21, 22, 23]",heuristic,0.0,1.9,0.0,1.0,1.0,-0.0900,0.0000,0.0000,0.7,0.3
1791086009.166083,39340,Heavy,E-core,"[12, 13, 14, 15, 16, 17, 18, 19, 20, 21, 22, 23]",heuristic,0.0,82.2,0.0,1.0,1.0,-0.0900,135.6600,0.0000,0.7,0.3
1791086009.166083,45556,Heavy,E-core,"[12, 13, 14, 15, 16, 17, 18, 19, 20, 21, 22, 23]",heuristic,0.0,271.5,0.0,1.0,1.0,-0.0900,135.6600,0.0000,0.7,0.3
1791086009.166083,46100,Light,E-core,"[12, 13, 14, 15, 16, 17, 18, 19, 20, 21, 22, 23]",heuristic,0.0,5.7,0.0,1.0,1.0,-0.0900,135.6600,0.0000,0.7,0.3
1791086009.166083,29552,Light,E-core,"[12, 13, 14, 15, 16, 17, 18, 19, 20, 21, 22, 23]",heuristic,0.0,2.9,0.0,1.0,1.0,-0.0900,135.6600,0.0000,0.7,0.3
1791086009.5755723,39340,Heavy,E-core,"[12, 13, 14, 15, 16, 17, 18, 19, 20, 21, 22, 23]",heuristic,0.0,72.1,0.0,1.1,1.0,-0.0900,0.0000,0.0000,0.7,0.3
1791086009.5755723,45556,Heavy,E-core,"[12, 13, 14, 15, 16, 17, 18, 19, 20, 21, 22, 23]",heuristic,0.0,262.8,0.0,1.1,1.0,-0.0900,0.0000,0.0000,0.7,0.3
1791086009.5755723,46100,Light,E-core,"[12, 13, 14, 15, 16, 17, 18, 19, 20, 21, 22, 23]",heuristic,0.0,5.7,0.0,1.1,1.0,-0.0900,0.0000,0.0000,0.7,0.3
1791086009.5755723,29552,Light,E-core,"[12, 13, 14, 15, 16, 17, 18, 19, 20, 21, 22, 23]",heuristic,0.0,1.9,0.0,1.1,1.0,-0.0900,0.0000,0.0000,0.7,0.3
1791086010.2112262,39340,Heavy,E-core,"[12, 13, 14, 15, 16, 17, 18, 19, 20, 21, 22, 23]",heuristic,0.0,81.3,0.0,1.0,1.0,-0.0900,135.6600,0.0000,0.7,0.3
1791086010.2112262,45556,Heavy,E-core,"[12, 13, 14, 15, 16, 17, 18, 19, 20, 21, 22, 23]",heuristic,0.0,310.0,0.0,1.0,1.0,-0.0900,135.6600,0.0000,0.7,0.3
1791086010.2112262,46100,Light,E-core,"[12, 13, 14, 15, 16, 17, 18, 19, 20, 21, 22, 23]",heuristic,0.0,2.9,0.0,1.0,1.0,-0.0900,135.6600,0.0000,0.7,0.3
1791086010.2112262,29552,Light,E-core,"[12, 13, 14, 15, 16, 17, 18, 19, 20, 21, 22, 23]",heuristic,0.0,2.9,0.0,1.0,1.0,-0.0900,135.6600,0.0000,0.7,0.3
1791086010.622728,39340,Heavy,E-core,"[12, 13, 14, 15, 16, 17, 18, 19, 20, 21, 22, 23]",heuristic,0.0,87.9,0.0,1.0,1.0,-0.0900,0.0000,0.0000,0.7,0.3
1791086010.622728,45556,Heavy,E-core,"[12, 13, 14, 15, 16, 17, 18, 19, 20, 21, 22, 23]",heuristic,0.0,331.4,0.0,1.0,1.0,-0.0900,0.0000,0.0000,0.7,0.3
1791086010.622728,46100,Light,E-core,"[12, 13, 14, 15, 16, 17, 18, 19, 20, 21, 22, 23]",heuristic,0.0,2.9,0.0,1.0,1.0,-0.0900,0.0000,0.0000,0.7,0.3
1791086010.622728,29552,Light,E-core,"[12, 13, 14, 15, 16, 17, 18, 19, 20, 21, 22, 23]",heuristic,0.0,2.9,0.0,1.0,1.0,-0.0900,0.0000,0.0000,0.7,0.3
1791086011.256955,39340,Heavy,E-core,"[12, 13, 14, 15, 16, 17, 18, 19, 20, 21, 22, 23]",heuristic,0.0,75.5,0.0,1.0,1.0,-0.0900,135.6600,0.0000,0.7,0.3
1791086011.256955,45556,Heavy,E-core,"[12, 13, 14, 15, 16, 17, 18, 19, 20, 21, 22, 23]",heuristic,0.0,322.3,0.0,1.0,1.0,-0.0900,135.6600,0.0000,0.7,0.3
1791086011.256955,46100,Light,E-core,"[12, 13, 14, 15, 16, 17, 18, 19, 20, 21, 22, 23]",heuristic,0.0,2.9,0.0,1.0,1.0,-0.0900,135.6600,0.0000,0.7,0.3
1791086011.256955,29552,Light,E-core,"[12, 13, 14, 15, 16, 17, 18, 19, 20, 21, 22, 23]",heuristic,0.0,2.9,0.0,1.0,1.0,-0.0900,135.6600,0.0000,0.7,0.3
1791086011.6670852,39340,Heavy,E-core,"[12, 13, 14, 15, 16, 17, 18, 19, 20, 21, 22, 23]",heuristic,0.0,68.0,0.0,1.0,1.0,-0.0900,0.0000,0.0000,0.7,0.3
1791086011.6670852,45556,Heavy,E-core,"[12, 13, 14, 15, 16, 17, 18, 19, 20, 21, 22, 23]",heuristic,0.0,291.1,0.0,1.0,1.0,-0.0900,0.0000,0.0000,0.7,0.3
1791086011.6670852,46100,Light,E-core,"[12, 13, 14, 15, 16, 17, 18, 19, 20, 21, 22, 23]",heuristic,0.0,2.9,0.0,1.0,1.0,-0.0900,0.0000,0.0000,0.7,0.3
1791086011.6670852,29552,Light,E-core,"[12, 13, 14, 15, 16, 17, 18, 19, 20, 21, 22, 23]",heuristic,0.0,2.9,0.0,1.0,1.0,-0.0900,0.0000,0.0000,0.7,0.3
1791086012.3045044,39340,Heavy,E-core,"[12, 13, 14, 15, 16, 17, 18, 19, 20, 21, 22, 23]",heuristic,0.0,81.1,0.0,1.0,1.0,-0.0900,135.6600,0.0000,0.7,0.3
1791086012.3045044,45556,Heavy,E-core,"[12, 13, 14, 15, 16, 17, 18, 19, 20, 21, 22, 23]",heuristic,0.0,300.7,0.0,1.0,1.0,-0.0900,135.6600,0.0000,0.7,0.3
1791086012.3045044,46100,Light,E-core,"[12, 13, 14, 15, 16, 17, 18, 19, 20, 21, 22, 23]",heuristic,0.0,2.9,0.0,1.0,1.0,-0.0900,135.6600,0.0000,0.7,0.3
1791086012.3045044,29552,Light,E-core,"[12, 13, 14, 15, 16, 17, 18, 19, 20, 21, 22, 23]",heuristic,0.0,1.9,0.0,1.0,1.0,-0.0900,135.6600,0.0000,0.7,0.3
1791086012.71054,39340,Heavy,E-core,"[12, 13, 14, 15, 16, 17, 18, 19, 20, 21, 22, 23]",heuristic,0.0,104.5,0.0,1.0,1.0,-0.0900,0.0000,0.0000,0.7,0.3
1791086012.71054,45556,Heavy,E-core,"[12, 13, 14, 15, 16, 17, 18, 19, 20, 21, 22, 23]",heuristic,0.0,357.5,0.0,1.0,1.0,-0.0900,0.0000,0.0000,0.7,0.3
1791086012.71054,46100,Light,E-core,"[12, 13, 14, 15, 16, 17, 18, 19, 20, 21, 22, 23]",heuristic,0.0,2.9,0.0,1.0,1.0,-0.0900,0.0000,0.0000,0.7,0.3
1791086012.71054,29552,Light,E-core,"[12, 13, 14, 15, 16, 17, 18, 19, 20, 21, 22, 23]",heuristic,0.0,2.9,0.0,1.0,1.0,-0.0900,0.0000,0.0000,0.7,0.3
1791086013.3504694,39340,Heavy,E-core,"[12, 13, 14, 15, 16, 17, 18, 19, 20, 21, 22, 23]",heuristic,0.0,111.9,0.0,1.0,1.0,-0.0900,135.6600,0.0000,0.7,0.3
1791086013.3504694,45556,Heavy,E-core,"[12, 13, 14, 15, 16, 17, 18, 19, 20, 21, 22, 23]",heuristic,0.0,375.7,0.0,1.0,1.0,-0.0900,135.6600,0.0000,0.7,0.3
1791086013.3504694,46100,Light,E-core,"[12, 13, 14, 15, 16, 17, 18, 19, 20, 21, 22, 23]",heuristic,0.0,2.9,0.0,1.0,1.0,-0.0900,135.6600,0.0000,0.7,0.3
1791086013.3504694,29552,Light,E-core,"[12, 13, 14, 15, 16, 17, 18, 19, 20, 21, 22, 23]",heuristic,0.0,2.9,0.0,1.0,1.0,-0.0900,135.6600,0.0000,0.7,0.3
1791086013.7543104,39340,Heavy,E-core,"[12, 13, 14, 15, 16, 17, 18, 19, 20, 21, 22, 23]",heuristic,0.0,87.2,0.0,1.0,1.0,-0.0900,0.0000,0.0000,0.7,0.3
1791086013.7543104,45556,Heavy,E-core,"[12, 13, 14, 15, 16, 17, 18, 19, 20, 21, 22, 23]",heuristic,0.0,302.7,0.0,1.0,1.0,-0.0900,0.0000,0.0000,0.7,0.3
1791086013.7543104,46100,Light,E-core,"[12, 13, 14, 15, 16, 17, 18, 19, 20, 21, 22, 23]",heuristic,0.0,3.8,0.0,1.0,1.0,-0.0900,0.0000,0.0000,0.7,0.3
1791086013.7543104,29552,Light,E-core,"[12, 13, 14, 15, 16, 17, 18, 19, 20, 21, 22, 23]",heuristic,0.0,2.9,0.0,1.0,1.0,-0.0900,0.0000,0.0000,0.7,0.3
1791086014.4442127,39340,Heavy,E-core,"[12, 13, 14, 15, 16, 17, 18, 19, 20, 21, 22, 23]",heuristic,0.0,214.9,0.0,1.1,1.0,-0.0900,135.6600,0.0000,0.7,0.3
1791086014.4442127,45556,Heavy,E-core,"[12, 13, 14, 15, 16, 17, 18, 19, 20, 21, 22, 23]",heuristic,0.0,262.4,0.0,1.1,1.0,-0.0900,135.6600,0.0000,0.7,0.3
1791086014.4442127,46100,Light,E-core,"[12, 13, 14, 15, 16, 17, 18, 19, 20, 21, 22, 23]",heuristic,0.0,7.3,0.0,1.1,1.0,-0.0900,135.6600,0.0000,0.7,0.3
1791086014.4442127,29552,Light,E-core,"[12, 13, 14, 15, 16, 17, 18, 19, 20, 21, 22, 23]",heuristic,0.0,3.7,0.0,1.1,1.0,-0.0900,135.6600,0.0000,0.7,0.3
1791086014.8117988,39340,Heavy,E-core,"[12, 13, 14, 15, 16, 17, 18, 19, 20, 21, 22, 23]",heuristic,0.0,265.7,0.0,1.1,1.0,-0.0900,0.0000,0.0000,0.7,0.3
1791086014.8117988,45556,Heavy,E-core,"[12, 13, 14, 15, 16, 17, 18, 19, 20, 21, 22, 23]",heuristic,0.0,200.5,0.0,1.1,1.0,-0.0900,0.0000,0.0000,0.7,0.3
1791086014.8117988,46100,Light,E-core,"[12, 13, 14, 15, 16, 17, 18, 19, 20, 21, 22, 23]",heuristic,0.0,6.6,0.0,1.1,1.0,-0.0900,0.0000,0.0000,0.7,0.3
1791086014.8117988,29552,Light,E-core,"[12, 13, 14, 15, 16, 17, 18, 19, 20, 21, 22, 23]",heuristic,0.0,2.8,0.0,1.1,1.0,-0.0900,0.0000,0.0000,0.7,0.3
1791086015.7538426,39340,Heavy,E-core,"[12, 13, 14, 15, 16, 17, 18, 19, 20, 21, 22, 23]",heuristic,0.0,263.4,0.0,1.3,1.0,-0.0900,135.6600,0.0000,0.7,0.3
1791086015.7538426,45556,Heavy,E-core,"[12, 13, 14, 15, 16, 17, 18, 19, 20, 21, 22, 23]",heuristic,0.0,61.8,0.0,1.3,1.0,-0.0900,135.6600,0.0000,0.7,0.3
1791086015.7538426,46100,Light,E-core,"[12, 13, 14, 15, 16, 17, 18, 19, 20, 21, 22, 23]",heuristic,0.0,2.3,0.0,1.3,1.0,-0.0900,135.6600,0.0000,0.7,0.3
1791086015.7538426,29552,Light,E-core,"[12, 13, 14, 15, 16, 17, 18, 19, 20, 21, 22, 23]",heuristic,0.0,2.3,0.0,1.3,1.0,-0.0900,135.6600,0.0000,0.7,0.3
1791086015.8596647,39340,Heavy,E-core,"[12, 13, 14, 15, 16, 17, 18, 19, 20, 21, 22, 23]",heuristic,0.0,283.4,0.0,1.0,1.0,-0.0900,0.0000,0.0000,0.7,0.3
1791086015.8596647,45556,Heavy,E-core,"[12, 13, 14, 15, 16, 17, 18, 19, 20, 21, 22, 23]",heuristic,0.0,66.8,0.0,1.0,1.0,-0.0900,0.0000,0.0000,0.7,0.3
1791086015.8596647,46100,Light,E-core,"[12, 13, 14, 15, 16, 17, 18, 19, 20, 21, 22, 23]",heuristic,0.0,2.9,0.0,1.0,1.0,-0.0900,0.0000,0.0000,0.7,0.3
1791086015.8596647,29552,Light,E-core,"[12, 13, 14, 15, 16, 17, 18, 19, 20, 21, 22, 23]",heuristic,0.0,2.9,0.0,1.0,1.0,-0.0900,0.0000,0.0000,0.7,0.3
1791086016.7997744,39340,Heavy,E-core,"[12, 13, 14, 15, 16, 17, 18, 19, 20, 21, 22, 23]",heuristic,0.0,306.9,0.0,1.0,1.0,-0.0900,135.6600,0.0000,0.7,0.3
1791086016.7997744,45556,Heavy,E-core,"[12, 13, 14, 15, 16, 17, 18, 19, 20, 21, 22, 23]",heuristic,0.0,77.4,0.0,1.0,1.0,-0.0900,135.6600,0.0000,0.7,0.3
1791086016.7997744,46100,Light,E-core,"[12, 13, 14, 15, 16, 17, 18, 19, 20, 21, 22, 23]",heuristic,0.0,2.9,0.0,1.0,1.0,-0.0900,135.6600,0.0000,0.7,0.3
1791086016.7997744,29552,Light,E-core,"[12, 13, 14, 15, 16, 17, 18, 19, 20, 21, 22, 23]",heuristic,0.0,5.7,0.0,1.0,1.0,-0.0900,135.6600,0.0000,0.7,0.3
1791086016.9079866,39340,Heavy,E-core,"[12, 13, 14, 15, 16, 17, 18, 19, 20, 21, 22, 23]",heuristic,0.0,317.7,0.0,1.0,1.0,-0.0900,0.0000,0.0000,0.7,0.3
1791086016.9079866,45556,Heavy,E-core,"[12, 13, 14, 15, 16, 17, 18, 19, 20, 21, 22, 23]",heuristic,0.0,79.2,0.0,1.0,1.0,-0.0900,0.0000,0.0000,0.7,0.3
1791086016.9079866,46100,Light,E-core,"[12, 13, 14, 15, 16, 17, 18, 19, 20, 21, 22, 23]",heuristic,0.0,2.9,0.0,1.0,1.0,-0.0900,0.0000,0.0000,0.7,0.3
1791086016.9079866,29552,Light,E-core,"[12, 13, 14, 15, 16, 17, 18, 19, 20, 21, 22, 23]",heuristic,0.0,5.7,0.0,1.0,1.0,-0.0900,0.0000,0.0000,0.7,0.3
1791086017.8468678,39340,Heavy,E-core,"[12, 13, 14, 15, 16, 17, 18, 19, 20, 21, 22, 23]",heuristic,0.0,302.7,0.0,1.0,1.0,-0.0900,135.6600,0.0000,0.7,0.3
1791086017.8468678,45556,Heavy,E-core,"[12, 13, 14, 15, 16, 17, 18, 19, 20, 21, 22, 23]",heuristic,0.0,76.4,0.0,1.0,1.0,-0.0900,135.6600,0.0000,0.7,0.3
1791086017.8468678,46100,Light,E-core,"[12, 13, 14, 15, 16, 17, 18, 19, 20, 21, 22, 23]",heuristic,0.0,2.9,0.0,1.0,1.0,-0.0900,135.6600,0.0000,0.7,0.3
1791086017.8468678,29552,Light,E-core,"[12, 13, 14, 15, 16, 17, 18, 19, 20, 21, 22, 23]",heuristic,0.0,2.9,0.0,1.0,1.0,-0.0900,135.6600,0.0000,0.7,0.3
1791086017.9559534,39340,Heavy,E-core,"[12, 13, 14, 15, 16, 17, 18, 19, 20, 21, 22, 23]",heuristic,0.0,295.8,0.0,1.0,1.0,-0.0900,0.0000,0.0000,0.7,0.3
1791086017.9559534,45556,Heavy,E-core,"[12, 13, 14, 15, 16, 17, 18, 19, 20, 21, 22, 23]",heuristic,0.0,72.5,0.0,1.0,1.0,-0.0900,0.0000,0.0000,0.7,0.3
1791086017.9559534,46100,Light,E-core,"[12, 13, 14, 15, 16, 17, 18, 19, 20, 21, 22, 23]",heuristic,0.0,3.8,0.0,1.0,1.0,-0.0900,0.0000,0.0000,0.7,0.3
1791086017.9559534,29552,Light,E-core,"[12, 13, 14, 15, 16, 17, 18, 19, 20, 21, 22, 23]",heuristic,0.0,2.9,0.0,1.0,1.0,-0.0900,0.0000,0.0000,0.7,0.3
1791086018.90806,39340,Heavy,E-core,"[12, 13, 14, 15, 16, 17, 18, 19, 20, 21, 22, 23]",heuristic,0.0,295.0,0.0,1.1,1.0,-0.0900,135.6600,0.0000,0.7,0.3
1791086018.90806,45556,Heavy,E-core,"[12, 13, 14, 15, 16, 17, 18, 19, 20, 21, 22, 23]",heuristic,0.0,65.0,0.0,1.1,1.0,-0.0900,135.6600,0.0000,0.7,0.3
1791086018.90806,46100,Light,E-core,"[12, 13, 14, 15, 16, 17, 18, 19, 20, 21, 22, 23]",heuristic,0.0,6.6,0.0,1.1,1.0,-0.0900,135.6600,0.0000,0.7,0.3
1791086018.90806,29552,Light,E-core,"[12, 13, 14, 15, 16, 17, 18, 19, 20, 21, 22, 23]",heuristic,0.0,2.8,0.0,1.1,1.0,-0.0900,135.6600,0.0000,0.7,0.3
