timestamp,pid,true_type,action,assigned_cores,decision_source,cpu_percent,vol_ctx_rate,invol_ctx_rate,time_since_switch,current_core_assignment,reward,cumulative_regret,confidence_ucb,alpha_param,beta_param
1791083828.5615902,45840,Heavy,P-core,"[0, 1, 2, 3, 4, 5, 6, 7, 8, 9, 10, 11]",bandit,0.0,697.4,0.0,1.0,0.0,-0.3000,55.2300,0.0719,0.7,0.3
1791083828.5615902,2608,Heavy,P-core,"[0, 1, 2, 3, 4, 5, 6, 7, 8, 9, 10, 11]",bandit,0.0,686.7,0.0,1.0,0.0,-0.3000,55.4400,0.0685,0.7,0.3
1791083828.5615902,33900,Light,P-core,"[0, 1, 2, 3, 4, 5, 6, 7, 8, 9, 10, 11]",bandit,0.0,6.8,0.0,1.0,0.0,-0.3000,55.6500,0.0862,0.7,0.3
1791083828.5615902,19856,Light,P-core,"[0, 1, 2, 3, 4, 5, 6, 7, 8, 9, 10, 11]",bandit,0.0,6.8,0.0,1.0,0.0,-0.3000,55.8600,0.0843,0.7,0.3
1791083829.5899842,45840,Heavy,E-core,"[12, 13, 14, 15, 16, 17, 18, 19, 20, 21, 22, 23]",bandit,0.0,615.5,0.0,1.0,0.0,-0.3000,56.0700,0.0628,0.7,0.3
1791083829.5899842,2608,Heavy,P-core,"[0, 1, 2, 3, 4, 5, 6, 7, 8, 9, 10, 11]",bandit,0.0,724.4,0.0,1.0,0.0,-0.3000,56.2800,0.0703,0.7,0.3
1791083829.5899842,33900,Light,P-core,"[0, 1, 2, 3, 4, 5, 6, 7, 8, 9, 10, 11]",bandit,0.0,4.9,0.0,1.0,0.0,-0.3000,56.4900,0.0831,0.7,0.3
1791083829.5899842,19856,Light,P-core,"[0, 1, 2, 3, 4, 5, 6, 7, 8, 9, 10, 11]",bandit,0.0,6.8,0.0,1.0,0.0,-0.3000,56.7000,0.0809,0.7,0.3
1791083830.619605,45840,Heavy,P-core,"[0, 1, 2, 3, 4, 5, 6, 7, 8, 9, 10, 11]",bandit,0.0,459.4,0.0,1.0,1.0,-0.0900,56.7000,0.1731,0.7,0.3
1791083830.619605,2608,Heavy,P-core,"[0, 1, 2, 3, 4, 5, 6, 7, 8, 9, 10, 11]",bandit,0.0,930.4,0.0,1.0,0.0,-0.3000,56.9100,0.1016,0.7,0.3
1791083830.619605,33900,Light,P-core,"[0, 1, 2, 3, 4, 5, 6, 7, 8, 9, 10, 11]",bandit,0.0,4.9,0.0,1.0,0.0,-0.3000,57.1200,0.0793,0.7,0.3
1791083830.619605,19856,Light,P-core,"[0, 1, 2, 3, 4, 5, 6, 7, 8, 9, 10, 11]",bandit,0.0,2.9,0.0,1.0,0.0,-0.3000,57.3300,0.0779,0.7,0.3
1791083831.646292,45840,Heavy,P-core,"[0, 1, 2, 3, 4, 5, 6, 7, 8, 9, 10, 11]",bandit,0.0,721.7,0.0,1.0,0.0,-0.3000,57.5400,0.0690,0.7,0.3
1791083831.646292,2608,Heavy,E-core,"[12, 13, 14, 15, 16, 17, 18, 19, 20, 21, 22, 23]",bandit,0.0,689.6,0.0,1.0,0.0,-0.3000,57.7500,0.0619,0.7,0.3
1791083831.646292,33900,Light,P-core,"[0, 1, 2, 3, 4, 5, 6, 7, 8, 9, 10, 11]",bandit,0.0,4.9,0.0,1.0,0.0,-0.3000,57.9600,0.0789,0.7,0.3
1791083831.646292,19856,Light,P-core,"[0, 1, 2, 3, 4, 5, 6, 7, 8, 9, 10, 11]",bandit,0.0,2.9,0.0,1.0,0.0,-0.3000,58.1700,0.0775,0.7,0.3
1791083832.6725476,45840,Heavy,P-core,"[0, 1, 2, 3, 4, 5, 6, 7, 8, 9, 10, 11]",bandit,0.0,770.8,0.0,1.0,0.0,-0.3000,58.3800,0.0723,0.7,0.3
1791083832.6725476,2608,Heavy,P-core,"[0, 1, 2, 3, 4, 5, 6, 7, 8, 9, 10, 11]",bandit,0.0,433.6,0.0,1.0,1.0,-0.0900,58.3800,0.1752,0.7,0.3
1791083832.6725476,33900,Light,P-core,"[0, 1, 2, 3, 4, 5, 6, 7, 8, 9, 10, 11]",bandit,0.0,7.8,0.0,1.0,0.0,-0.3000,58.5900,0.0753,0.7,0.3
1791083832.6725476,19856,Light,P-core,"[0, 1, 2, 3, 4, 5, 6, 7, 8, 9, 10, 11]",bandit,0.0,3.9,0.0,1.0,0.0,-0.3000,58.8000,0.0744,0.7,0.3
1791083833.6992517,45840,Heavy,P-core,"[0, 1, 2, 3, 4, 5, 6, 7, 8, 9, 10, 11]",bandit,0.0,865.9,0.0,1.0,0.0,-0.3000,59.0100,0.0858,0.7,0.3
1791083833.6992517,2608,Heavy,P-core,"[0, 1, 2, 3, 4, 5, 6, 7, 8, 9, 10, 11]",bandit,0.0,807.4,0.0,1.0,0.0,-0.3000,59.2200,0.0760,0.7,0.3
1791083833.6992517,33900,Light,P-core,"[0, 1, 2, 3, 4, 5, 6, 7, 8, 9, 10, 11]",bandit,0.0,4.9,0.0,1.0,0.0,-0.3000,59.4300,0.0741,0.7,0.3
1791083833.6992517,19856,Light,P-core,"[0, 1, 2, 3, 4, 5, 6, 7, 8, 9, 10, 11]",bandit,0.0,7.8,0.0,1.0,0.0,-0.3000,59.6400,0.0718,0.7,0.3
1791083834.725641,45840,Heavy,E-core,"[12, 13, 14, 15, 16, 17, 18, 19, 20, 21, 22, 23]",bandit,0.0,680.1,0.0,1.0,0.0,-0.3000,59.8500,0.0607,0.7,0.3
1791083834.725641,2608,Heavy,P-core,"[0, 1, 2, 3, 4, 5, 6, 7, 8, 9, 10, 11]",bandit,0.0,823.3,0.0,1.0,0.0,-0.3000,60.0600,0.0742,0.7,0.3
1791083834.725641,33900,Light,P-core,"[0, 1, 2, 3, 4, 5, 6, 7, 8, 9, 10, 11]",bandit,0.0,4.9,0.0,1.0,0.0,-0.3000,60.2700,0.0717,0.7,0.3
1791083834.725641,19856,Light,P-core,"[0, 1, 2, 3, 4, 5, 6, 7, 8, 9, 10, 11]",bandit,0.0,7.8,0.0,1.0,0.0,-0.3000,60.4800,0.0695,0.7,0.3
1791083835.7526045,45840,Heavy,P-core,"[0, 1, 2, 3, 4, 5, 6, 7, 8, 9, 10, 11]",bandit,0.0,385.6,0.0,1.0,1.0,-0.0900,60.4800,0.1771,0.7,0.3
1791083835.7526045,2608,Heavy,P-core,"[0, 1, 2, 3, 4, 5, 6, 7, 8, 9, 10, 11]",bandit,0.0,860.8,0.0,1.0,0.0,-0.3000,60.6900,0.0782,0.7,0.3
1791083835.7526045,33900,Light,P-core,"[0, 1, 2, 3, 4, 5, 6, 7, 8, 9, 10, 11]",bandit,0.0,16.6,0.0,1.0,0.0,-0.3000,60.9000,0.0665,0.7,0.3
1791083835.7526045,19856,Light,P-core,"[0, 1, 2, 3, 4, 5, 6, 7, 8, 9, 10, 11]",bandit,0.0,15.6,0.0,1.0,0.0,-0.3000,61.1100,0.0651,0.7,0.3
1791083836.7866662,45840,Heavy,P-core,"[0, 1, 2, 3, 4, 5, 6, 7, 8, 9, 10, 11]",bandit,0.0,877.1,0.0,1.0,0.0,-0.3000,61.3200,0.0799,0.7,0.3
1791083836.7866662,2608,Heavy,E-core,"[12, 13, 14, 15, 16, 17, 18, 19, 20, 21, 22, 23]",bandit,0.0,733.0,0.0,1.0,0.0,-0.3000,61.5300,0.0586,0.7,0.3
1791083836.7866662,33900,Light,P-core,"[0, 1, 2, 3, 4, 5, 6, 7, 8, 9, 10, 11]",bandit,0.0,7.7,0.0,1.0,0.0,-0.3000,61.7400,0.0645,0.7,0.3
1791083836.7866662,19856,Light,P-core,"[0, 1, 2, 3, 4, 5, 6, 7, 8, 9, 10, 11]",bandit,0.0,6.8,0.0,1.0,0.0,-0.3000,61.9500,0.0632,0.7,0.3
1791083837.8147962,45840,Heavy,P-core,"[0, 1, 2, 3, 4, 5, 6, 7, 8, 9, 10, 11]",bandit,0.0,894.8,0.0,1.0,0.0,-0.3000,62.1600,0.0796,0.7,0.3
1791083837.8147962,2608,Heavy,P-core,"[0, 1, 2, 3, 4, 5, 6, 7, 8, 9, 10, 11]",bandit,0.0,436.7,0.0,1.0,1.0,-0.0900,62.1600,0.1830,0.7,0.3
1791083837.8147962,33900,Light,P-core,"[0, 1, 2, 3, 4, 5, 6, 7, 8, 9, 10, 11]",bandit,0.0,4.9,0.0,1.0,0.0,-0.3000,62.3700,0.0645,0.7,0.3
1791083837.8147962,19856,Light,P-core,"[0, 1, 2, 3, 4, 5, 6, 7, 8, 9, 10, 11]",bandit,0.0,4.9,0.0,1.0,0.0,-0.3000,62.5800,0.0630,0.7,0.3
1791083838.8411925,45840,Heavy,P-core,"[0, 1, 2, 3, 4, 5, 6, 7, 8, 9, 10, 11]",bandit,0.0,1981.7,0.0,1.0,0.0,-0.3000,62.7900,0.2672,0.7,0.3
1791083838.8411925,2608,Heavy,P-core,"[0, 1, 2, 3, 4, 5, 6, 7, 8, 9, 10, 11]",bandit,0.0,1414.7,0.0,1.0,0.0,-0.3000,63.0000,0.1614,0.7,0.3
1791083838.8411925,33900,Light,P-core,"[0, 1, 2, 3, 4, 5, 6, 7, 8, 9, 10, 11]",bandit,0.0,3.9,0.0,1.0,0.0,-0.3000,63.2100,0.0633,0.7,0.3
1791083838.8411925,19856,Light,P-core,"[0, 1, 2, 3, 4, 5, 6, 7, 8, 9, 10, 11]",bandit,0.0,4.9,0.0,1.0,0.0,-0.3000,63.4200,0.0617,0.7,0.3
1791083839.8694103,45840,Heavy,E-core,"[12, 13, 14, 15, 16, 17, 18, 19, 20, 21, 22, 23]",bandit,0.0,571.9,0.0,1.0,0.0,-0.3000,63.6300,0.0582,0.7,0.3
1791083839.8694103,2608,Heavy,E-core,"[12, 13, 14, 15, 16, 17, 18, 19, 20, 21, 22, 23]",bandit,0.0,620.5,0.0,1.0,0.0,-0.3000,63.8400,0.0581,0.7,0.3
1791083839.8694103,33900,Light,P-core,"[0, 1, 2, 3, 4, 5, 6, 7, 8, 9, 10, 11]",bandit,0.0,4.9,0.0,1.0,0.0,-0.3000,64.0500,0.0615,0.7,0.3
1791083839.8694103,19856,Light,P-core,"[0, 1, 2, 3, 4, 5, 6, 7, 8, 9, 10, 11]",bandit,0.0,4.9,0.0,1.0,0.0,-0.3000,64.2600,0.0601,0.7,0.3
1791083840.9001253,45840,Heavy,P-core,"[0, 1, 2, 3, 4, 5, 6, 7, 8, 9, 10, 11]",bandit,0.0,427.9,0.0,1.0,1.0,-0.0900,64.2600,0.1844,0.7,0.3
1791083840.9001253,2608,Heavy,P-core,"[0, 1, 2, 3, 4, 5, 6, 7, 8, 9, 10, 11]",bandit,0.0,323.1,0.0,1.0,1.0,-0.0900,64.2600,0.1805,0.7,0.3
1791083840.9001253,33900,Light,P-core,"[0, 1, 2, 3, 4, 5, 6, 7, 8, 9, 10, 11]",bandit,0.0,2.9,0.0,1.0,0.0,-0.3000,64.4700,0.0583,0.7,0.3
1791083840.9001253,19856,Light,E-core,"[12, 13, 14, 15, 16, 17, 18, 19, 20, 21, 22, 23]",bandit,0.0,2.9,0.0,1.0,0.0,-0.3000,64.6800,0.0572,0.7,0.3
1791083841.9265635,45840,Heavy,E-core,"[12, 13, 14, 15, 16, 17, 18, 19, 20, 21, 22, 23]",bandit,0.0,611.8,0.0,1.0,0.0,-0.3000,64.8900,0.0575,0.7,0.3
1791083841.9265635,2608,Heavy,E-core,"[12, 13, 14, 15, 16, 17, 18, 19, 20, 21, 22, 23]",bandit,0.0,692.7,0.0,1.0,0.0,-0.3000,65.1000,0.0574,0.7,0.3
1791083841.9265635,33900,Light,P-core,"[0, 1, 2, 3, 4, 5, 6, 7, 8, 9, 10, 11]",bandit,0.0,4.9,0.0,1.0,0.0,-0.3000,65.3100,0.0591,0.7,0.3
1791083841.9265635,19856,Light,P-core,"[0, 1, 2, 3, 4, 5, 6, 7, 8, 9, 10, 11]",bandit,0.0,2.9,0.0,1.0,1.0,-0.0900,65.3100,0.1995,0.7,0.3
1791083842.952835,45840,Heavy,P-core,"[0, 1, 2, 3, 4, 5, 6, 7, 8, 9, 10, 11]",bandit,0.0,488.2,0.0,1.0,1.0,-0.0900,65.3100,0.1887,0.7,0.3
1791083842.952835,2608,Heavy,P-core,"[0, 1, 2, 3, 4, 5, 6, 7, 8, 9, 10, 11]",bandit,0.0,464.8,0.0,1.0,1.0,-0.0900,65.3100,0.1867,0.7,0.3
1791083842.952835,33900,Light,P-core,"[0, 1, 2, 3, 4, 5, 6, 7, 8, 9, 10, 11]",bandit,0.0,2.9,0.0,1.0,0.0,-0.3000,65.5200,0.0581,0.7,0.3
1791083842.952835,19856,Light,P-core,"[0, 1, 2, 3, 4, 5, 6, 7, 8, 9, 10, 11]",bandit,0.0,2.9,0.0,1.0,0.0,-0.3000,65.7300,0.0584,0.7,0.3
1791083843.9792266,45840,Heavy,E-core,"[12, 13, 14, 15, 16, 17, 18, 19, 20, 21, 22, 23]",bandit,0.0,574.8,0.0,1.0,0.0,-0.3000,65.9400,0.0564,0.7,0.3
1791083843.9792266,2608,Heavy,E-core,"[12, 13, 14, 15, 16, 17, 18, 19, 20, 21, 22, 23]",bandit,0.0,536.8,0.0,1.0,0.0,-0.3000,66.1500,0.0563,0.7,0.3
1791083843.9792266,33900,Light,P-core,"[0, 1, 2, 3, 4, 5, 6, 7, 8, 9, 10, 11]",bandit,0.0,2.9,0.0,1.0,0.0,-0.3000,66.3600,0.0598,0.7,0.3
1791083843.9792266,19856,Light,P-core,"[0, 1, 2, 3, 4, 5, 6, 7, 8, 9, 10, 11]",bandit,0.0,7.8,0.0,1.0,0.0,-0.3000,66.5700,0.0576,0.7,0.3
1791083845.007902,45840,Heavy,P-core,"[0, 1, 2, 3, 4, 5, 6, 7, 8, 9, 10, 11]",bandit,0.0,344.1,0.0,1.0,1.0,-0.0900,66.5700,0.1783,0.7,0.3
1791083845.007902,2608,Heavy,P-core,"[0, 1, 2, 3, 4, 5, 6, 7, 8, 9, 10, 11]",bandit,0.0,482.2,0.0,1.0,1.0,-0.0900,66.5700,0.1849,0.7,0.3
1791083845.007902,33900,Light,P-core,"[0, 1, 2, 3, 4, 5, 6, 7, 8, 9, 10, 11]",bandit,0.0,4.9,0.0,1.0,0.0,-0.3000,66.7800,0.0562,0.7,0.3
1791083845.007902,19856,Light,E-core,"[12, 13, 14, 15, 16, 17, 18, 19, 20, 21, 22, 23]",bandit,0.0,3.9,0.0,1.0,0.0,-0.3000,66.9900,0.0554,0.7,0.3
1791083846.0368779,45840,Heavy,E-core,"[12, 13, 14, 15, 16, 17, 18, 19, 20, 21, 22, 23]",bandit,0.0,457.7,0.0,1.0,0.0,-0.3000,67.2000,0.0551,0.7,0.3
1791083846.0368779,2608,Heavy,E-core,"[12, 13, 14, 15, 16, 17, 18, 19, 20, 21, 22, 23]",bandit,0.0,495.6,0.0,1.0,0.0,-0.3000,67.4100,0.0550,0.7,0.3
1791083846.0368779,33900,Light,P-core,"[0, 1, 2, 3, 4, 5, 6, 7, 8, 9, 10, 11]",bandit,0.0,3.9,0.0,1.0,0.0,-0.3000,67.6200,0.0561,0.7,0.3
1791083846.0368779,19856,Light,P-core,"[0, 1, 2, 3, 4, 5, 6, 7, 8, 9, 10, 11]",bandit,0.0,2.9,0.0,1.0,1.0,-0.0900,67.6200,0.1939,0.7,0.3
1791083847.0646539,45840,Heavy,P-core,"[0, 1, 2, 3, 4, 5, 6, 7, 8, 9, 10, 11]",bandit,0.0,204.3,0.0,1.0,1.0,-0.0900,67.6200,0.1780,0.7,0.3
1791083847.0646539,2608,Heavy,P-core,"[0, 1, 2, 3, 4, 5, 6, 7, 8, 9, 10, 11]",bandit,0.0,244.2,0.0,1.0,1.0,-0.0900,67.6200,0.1766,0.7,0.3
1791083847.0646539,33900,Light,P-core,"[0, 1, 2, 3, 4, 5, 6, 7, 8, 9, 10, 11]",bandit,0.0,6.8,0.0,1.0,0.0,-0.3000,67.8300,0.0546,0.7,0.3
1791083847.0646539,19856,Light,P-core,"[0, 1, 2, 3, 4, 5, 6, 7, 8, 9, 10, 11]",bandit,0.0,2.9,0.0,1.0,0.0,-0.3000,68.0400,0.0555,0.7,0.3
1791083848.0911384,45840,Heavy,E-core,"[12, 13, 14, 15, 16, 17, 18, 19, 20, 21, 22, 23]",bandit,0.0,646.9,0.0,1.0,0.0,-0.3000,68.2500,0.0543,0.7,0.3
1791083848.0911384,2608,Heavy,E-core,"[12, 13, 14, 15, 16, 17, 18, 19, 20, 21, 22, 23]",bandit,0.0,690.7,0.0,1.0,0.0,-0.3000,68.4600,0.0542,0.7,0.3
1791083848.0911384,33900,Light,P-core,"[0, 1, 2, 3, 4, 5, 6, 7, 8, 9, 10, 11]",bandit,0.0,3.9,0.0,1.0,0.0,-0.3000,68.6700,0.0562,0.7,0.3
1791083848.0911384,19856,Light,P-core,"[0, 1, 2, 3, 4, 5, 6, 7, 8, 9, 10, 11]",bandit,0.0,5.8,0.0,1.0,0.0,-0.3000,68.8800,0.0546,0.7,0.3
1791083849.1199465,45840,Heavy,P-core,"[0, 1, 2, 3, 4, 5, 6, 7, 8, 9, 10, 11]",bandit,0.0,181.8,0.0,1.0,1.0,-0.0900,68.8800,0.1757,0.7,0.3
1791083849.1199465,2608,Heavy,P-core,"[0, 1, 2, 3, 4, 5, 6, 7, 8, 9, 10, 11]",bandit,0.0,175.0,0.0,1.0,1.0,-0.0900,68.8800,0.1757,0.7,0.3
1791083849.1199465,33900,Light,E-core,"[12, 13, 14, 15, 16, 17, 18, 19, 20, 21, 22, 23]",bandit,0.0,3.9,0.0,1.0,0.0,-0.3000,69.0900,0.0535,0.7,0.3
1791083849.1199465,19856,Light,E-core,"[12, 13, 14, 15, 16, 17, 18, 19, 20, 21, 22, 23]",bandit,0.0,2.9,0.0,1.0,0.0,-0.3000,69.3000,0.0534,0.7,0.3
1791083850.1457398,45840,Heavy,E-core,"[12, 13, 14, 15, 16, 17, 18, 19, 20, 21, 22, 23]",bandit,0.0,689.2,0.0,1.0,0.0,-0.3000,69.5100,0.0535,0.7,0.3
1791083850.1457398,2608,Heavy,E-core,"[12, 13, 14, 15, 16, 17, 18, 19, 20, 21, 22, 23]",bandit,0.0,564.4,0.0,1.0,0.0,-0.3000,69.7200,0.0535,0.7,0.3
1791083850.1457398,33900,Light,P-core,"[0, 1, 2, 3, 4, 5, 6, 7, 8, 9, 10, 11]",bandit,0.0,2.9,0.0,1.0,1.0,-0.0900,69.7200,0.1882,0.7,0.3
1791083850.1457398,19856,Light,P-core,"[0, 1, 2, 3, 4, 5, 6, 7, 8, 9, 10, 11]",bandit,0.0,2.9,0.0,1.0,1.0,-0.0900,69.7200,0.1878,0.7,0.3
1791083851.173864,45840,Heavy,P-core,"[0, 1, 2, 3, 4, 5, 6, 7, 8, 9, 10, 11]",bandit,0.0,243.2,0.0,1.0,1.0,-0.0900,69.7200,0.1718,0.7,0.3
1791083851.173864,2608,Heavy,P-core,"[0, 1, 2, 3, 4, 5, 6, 7, 8, 9, 10, 11]",bandit,0.0,215.0,0.0,1.0,1.0,-0.0900,69.7200,0.1719,0.7,0.3
1791083851.173864,33900,Light,P-core,"[0, 1, 2, 3, 4, 5, 6, 7, 8, 9, 10, 11]",bandit,0.0,2.9,0.0,1.0,0.0,-0.3000,69.9300,0.0537,0.7,0.3
1791083851.173864,19856,Light,P-core,"[0, 1, 2, 3, 4, 5, 6, 7, 8, 9, 10, 11]",bandit,0.0,2.9,0.0,1.0,0.0,-0.3000,70.1400,0.0540,0.7,0.3
1791083852.2028375,45840,Heavy,E-core,"[12, 13, 14, 15, 16, 17, 18, 19, 20, 21, 22, 23]",bandit,0.0,613.2,0.0,1.0,0.0,-0.3000,70.3500,0.0519,0.7,0.3
1791083852.2028375,2608,Heavy,E-core,"[12, 13, 14, 15, 16, 17, 18, 19, 20, 21, 22, 23]",bandit,0.0,679.3,0.0,1.0,0.0,-0.3000,70.5600,0.0518,0.7,0.3
1791083852.2028375,33900,Light,P-core,"[0, 1, 2, 3, 4, 5, 6, 7, 8, 9, 10, 11]",bandit,0.0,3.9,0.0,1.0,0.0,-0.3000,70.7700,0.0540,0.7,0.3
1791083852.2028375,19856,Light,P-core,"[0, 1, 2, 3, 4, 5, 6, 7, 8, 9, 10, 11]",bandit,0.0,3.9,0.0,1.0,0.0,-0.3000,70.9800,0.0528,0.7,0.3
1791083853.231099,45840,Heavy,P-core,"[0, 1, 2, 3, 4, 5, 6, 7, 8, 9, 10, 11]",bandit,0.0,164.4,0.0,1.0,1.0,-0.0900,70.9800,0.1690,0.7,0.3
1791083853.231099,2608,Heavy,P-core,"[0, 1, 2, 3, 4, 5, 6, 7, 8, 9, 10, 11]",bandit,0.0,333.6,0.0,1.0,1.0,-0.0900,70.9800,0.1687,0.7,0.3
1791083853.231099,33900,Light,P-core,"[0, 1, 2, 3, 4, 5, 6, 7, 8, 9, 10, 11]",bandit,0.0,2.9,0.0,1.0,0.0,-0.3000,71.1900,0.0519,0.7,0.3
1791083853.231099,19856,Light,E-core,"[12, 13, 14, 15, 16, 17, 18, 19, 20, 21, 22, 23]",bandit,0.0,3.9,0.0,1.0,0.0,-0.3000,71.4000,0.0515,0.7,0.3
1791083854.2598903,45840,Heavy,E-core,"[12, 13, 14, 15, 16, 17, 18, 19, 20, 21, 22, 23]",bandit,0.0,480.2,0.0,1.0,0.0,-0.3000,71.6100,0.0511,0.7,0.3
1791083854.2598903,2608,Heavy,E-core,"[12, 13, 14, 15, 16, 17, 18, 19, 20, 21, 22, 23]",bandit,0.0,524.9,0.0,1.0,0.0,-0.3000,71.8200,0.0510,0.7,0.3
1791083854.2598903,33900,Light,E-core,"[12, 13, 14, 15, 16, 17, 18, 19, 20, 21, 22, 23]",bandit,0.0,4.9,0.0,1.0,0.0,-0.3000,72.0300,0.0512,0.7,0.3
1791083854.2598903,19856,Light,P-core,"[0, 1, 2, 3, 4, 5, 6, 7, 8, 9, 10, 11]",bandit,0.0,2.9,0.0,1.0,1.0,-0.0900,72.0300,0.1785,0.7,0.3
1791083855.2875564,45840,Heavy,P-core,"[0, 1, 2, 3, 4, 5, 6, 7, 8, 9, 10, 11]",bandit,0.0,241.3,0.0,1.0,1.0,-0.0900,72.0300,0.1662,0.7,0.3
1791083855.2875564,2608,Heavy,P-core,"[0, 1, 2, 3, 4, 5, 6, 7, 8, 9, 10, 11]",bandit,0.0,207.3,0.0,1.0,1.0,-0.0900,72.0300,0.1662,0.7,0.3
1791083855.2875564,33900,Light,P-core,"[0, 1, 2, 3, 4, 5, 6, 7, 8, 9, 10, 11]",bandit,0.0,2.9,0.0,1.0,1.0,-0.0900,72.0300,0.1781,0.7,0.3
1791083855.2875564,19856,Light,P-core,"[0, 1, 2, 3, 4, 5, 6, 7, 8, 9, 10, 11]",bandit,0.0,2.9,0.0,1.0,0.0,-0.3000,72.2400,0.0515,0.7,0.3
1791083856.3150108,45840,Heavy,E-core,"[12, 13, 14, 15, 16, 17, 18, 19, 20, 21, 22, 23]",bandit,0.0,620.0,0.0,1.0,0.0,-0.3000,72.4500,0.0502,0.7,0.3
1791083856.3150108,2608,Heavy,E-core,"[12, 13, 14, 15, 16, 17, 18, 19, 20, 21, 22, 23]",bandit,0.0,621.9,0.0,1.0,0.0,-0.3000,72.6600,0.0501,0.7,0.3
1791083856.3150108,33900,Light,P-core,"[0, 1, 2, 3, 4, 5, 6, 7, 8, 9, 10, 11]",bandit,0.0,4.9,0.0,1.0,0.0,-0.3000,72.8700,0.0531,0.7,0.3
1791083856.3150108,19856,Light,P-core,"[0, 1, 2, 3, 4, 5, 6, 7, 8, 9, 10, 11]",bandit,0.0,3.9,0.0,1.0,0.0,-0.3000,73.0800,0.0521,0.7,0.3
1791083857.3428307,45840,Heavy,P-core,"[0, 1, 2, 3, 4, 5, 6, 7, 8, 9, 10, 11]",bandit,0.0,230.6,0.0,1.0,1.0,-0.0900,73.0800,0.1608,0.7,0.3
1791083857.3428307,2608,Heavy,P-core,"[0, 1, 2, 3, 4, 5, 6, 7, 8, 9, 10, 11]",bandit,0.0,244.2,0.0,1.0,1.0,-0.0900,73.0800,0.1606,0.7,0.3
1791083857.3428307,33900,Light,P-core,"[0, 1, 2, 3, 4, 5, 6, 7, 8, 9, 10, 11]",bandit,0.0,2.9,0.0,1.0,0.0,-0.3000,73.2900,0.0509,0.7,0.3
1791083857.3428307,19856,Light,E-core,"[12, 13, 14, 15, 16, 17, 18, 19, 20, 21, 22, 23]",bandit,0.0,3.9,0.0,1.0,0.0,-0.3000,73.5000,0.0496,0.7,0.3
1791083858.3689299,45840,Heavy,P-core,"[0, 1, 2, 3, 4, 5, 6, 7, 8, 9, 10, 11]",bandit,0.0,692.9,0.0,1.0,0.0,-0.3000,73.7100,0.0604,0.7,0.3
1791083858.3689299,2608,Heavy,E-core,"[12, 13, 14, 15, 16, 17, 18, 19, 20, 21, 22, 23]",bandit,0.0,569.1,0.0,1.0,0.0,-0.3000,73.9200,0.0495,0.7,0.3
1791083858.3689299,33900,Light,P-core,"[0, 1, 2, 3, 4, 5, 6, 7, 8, 9, 10, 11]",bandit,0.0,9.7,0.0,1.0,0.0,-0.3000,74.1300,0.0497,0.7,0.3
1791083858.3689299,19856,Light,P-core,"[0, 1, 2, 3, 4, 5, 6, 7, 8, 9, 10, 11]",bandit,0.0,2.9,0.0,1.0,1.0,-0.0900,74.1300,0.1708,0.7,0.3
1791083859.3966613,45840,Heavy,P-core,"[0, 1, 2, 3, 4, 5, 6, 7, 8, 9, 10, 11]",bandit,0.0,724.9,0.0,1.0,0.0,-0.3000,74.3400,0.0646,0.7,0.3
1791083859.3966613,2608,Heavy,P-core,"[0, 1, 2, 3, 4, 5, 6, 7, 8, 9, 10, 11]",bandit,0.0,469.0,0.0,1.0,1.0,-0.0900,74.3400,0.1734,0.7,0.3
1791083859.3966613,33900,Light,E-core,"[12, 13, 14, 15, 16, 17, 18, 19, 20, 21, 22, 23]",bandit,0.0,6.8,0.0,1.0,0.0,-0.3000,74.5500,0.0489,0.7,0.3
1791083859.3966613,19856,Light,P-core,"[0, 1, 2, 3, 4, 5, 6, 7, 8, 9, 10, 11]",bandit,0.0,2.9,0.0,1.0,0.0,-0.3000,74.7600,0.0494,0.7,0.3
1791083860.4271135,45840,Heavy,P-core,"[0, 1, 2, 3, 4, 5, 6, 7, 8, 9, 10, 11]",bandit,0.0,776.4,0.0,1.0,0.0,-0.3000,74.9700,0.0725,0.7,0.3
1791083860.4271135,2608,Heavy,P-core,"[0, 1, 2, 3, 4, 5, 6, 7, 8, 9, 10, 11]",bandit,0.0,739.5,0.0,1.0,0.0,-0.3000,75.1800,0.0662,0.7,0.3
1791083860.4271135,33900,Light,P-core,"[0, 1, 2, 3, 4, 5, 6, 7, 8, 9, 10, 11]",bandit,0.0,2.9,0.0,1.0,1.0,-0.0900,75.1800,0.1688,0.7,0.3
1791083860.4271135,19856,Light,P-core,"[0, 1, 2, 3, 4, 5, 6, 7, 8, 9, 10, 11]",bandit,0.0,6.8,0.0,1.0,0.0,-0.3000,75.3900,0.0484,0.7,0.3
1791083861.4550235,45840,Heavy,P-core,"[0, 1, 2, 3, 4, 5, 6, 7, 8, 9, 10, 11]",bandit,0.0,628.5,0.0,1.0,0.0,-0.3000,75.6000,0.0482,0.7,0.3
1791083861.4550235,2608,Heavy,P-core,"[0, 1, 2, 3, 4, 5, 6, 7, 8, 9, 10, 11]",bandit,0.0,689.7,0.0,1.0,0.0,-0.3000,75.8100,0.0559,0.7,0.3
1791083861.4550235,33900,Light,P-core,"[0, 1, 2, 3, 4, 5, 6, 7, 8, 9, 10, 11]",bandit,0.0,3.9,0.0,1.0,0.0,-0.3000,76.0200,0.0502,0.7,0.3
1791083861.4550235,19856,Light,P-core,"[0, 1, 2, 3, 4, 5, 6, 7, 8, 9, 10, 11]",bandit,0.0,7.8,0.0,1.0,0.0,-0.3000,76.2300,0.0485,0.7,0.3
1791083862.4828057,45840,Heavy,E-core,"[12, 13, 14, 15, 16, 17, 18, 19, 20, 21, 22, 23]",bandit,0.0,631.5,0.0,1.0,0.0,-0.3000,76.4400,0.0479,0.7,0.3
1791083862.4828057,2608,Heavy,E-core,"[12, 13, 14, 15, 16, 17, 18, 19, 20, 21, 22, 23]",bandit,0.0,522.5,0.0,1.0,0.0,-0.3000,76.6500,0.0478,0.7,0.3
1791083862.4828057,33900,Light,P-core,"[0, 1, 2, 3, 4, 5, 6, 7, 8, 9, 10, 11]",bandit,0.0,2.9,0.0,1.0,0.0,-0.3000,76.8600,0.0484,0.7,0.3
1791083862.4828057,19856,Light,E-core,"[12, 13, 14, 15, 16, 17, 18, 19, 20, 21, 22, 23]",bandit,0.0,5.8,0.0,1.0,0.0,-0.3000,77.0700,0.0479,0.7,0.3
1791083863.5108237,45840,Heavy,P-core,"[0, 1, 2, 3, 4, 5, 6, 7, 8, 9, 10, 11]",bandit,0.0,198.4,0.0,1.0,1.0,-0.0900,77.0700,0.1626,0.7,0.3
1791083863.5108237,2608,Heavy,P-core,"[0, 1, 2, 3, 4, 5, 6, 7, 8, 9, 10, 11]",bandit,0.0,201.4,0.0,1.0,1.0,-0.0900,77.0700,0.1623,0.7,0.3
1791083863.5108237,33900,Light,E-core,"[12, 13, 14, 15, 16, 17, 18, 19, 20, 21, 22, 23]",bandit,0.0,2.9,0.0,1.0,0.0,-0.3000,77.2800,0.0474,0.7,0.3
1791083863.5108237,19856,Light,P-core,"[0, 1, 2, 3, 4, 5, 6, 7, 8, 9, 10, 11]",bandit,0.0,3.9,0.0,1.0,1.0,-0.0900,77.2800,0.1727,0.7,0.3
1791083864.5377243,45840,Heavy,E-core,"[12, 13, 14, 15, 16, 17, 18, 19, 20, 21, 22, 23]",bandit,0.0,530.7,0.0,1.0,0.0,-0.3000,77.4900,0.0471,0.7,0.3
1791083864.5377243,2608,Heavy,P-core,"[0, 1, 2, 3, 4, 5, 6, 7, 8, 9, 10, 11]",bandit,0.0,667.1,0.0,1.0,0.0,-0.3000,77.7000,0.0536,0.7,0.3
1791083864.5377243,33900,Light,P-core,"[0, 1, 2, 3, 4, 5, 6, 7, 8, 9, 10, 11]",bandit,0.0,2.9,0.0,1.0,1.0,-0.0900,77.7000,0.1703,0.7,0.3
1791083864.5377243,19856,Light,P-core,"[0, 1, 2, 3, 4, 5, 6, 7, 8, 9, 10, 11]",bandit,0.0,2.9,0.0,1.0,0.0,-0.3000,77.9100,0.0479,0.7,0.3
1791083865.5666087,45840,Heavy,P-core,"[0, 1, 2, 3, 4, 5, 6, 7, 8, 9, 10, 11]",bandit,0.0,406.3,0.0,1.0,1.0,-0.0900,77.9100,0.1662,0.7,0.3
1791083865.5666087,2608,Heavy,P-core,"[0, 1, 2, 3, 4, 5, 6, 7, 8, 9, 10, 11]",bandit,0.0,628.8,0.0,1.0,0.0,-0.3000,78.1200,0.0474,0.7,0.3
1791083865.5666087,33900,Light,P-core,"[0, 1, 2, 3, 4, 5, 6, 7, 8, 9, 10, 11]",bandit,0.0,4.9,0.0,1.0,0.0,-0.3000,78.3300,0.0475,0.7,0.3
1791083865.5666087,19856,Light,P-core,"[0, 1, 2, 3, 4, 5, 6, 7, 8, 9, 10, 11]",bandit,0.0,2.9,0.0,1.0,0.0,-0.3000,78.5400,0.0467,0.7,0.3
1791083866.5945234,45840,Heavy,E-core,"[12, 13, 14, 15, 16, 17, 18, 19, 20, 21, 22, 23]",bandit,0.0,551.6,0.0,1.0,0.0,-0.3000,78.7500,0.0462,0.7,0.3
1791083866.5945234,2608,Heavy,P-core,"[0, 1, 2, 3, 4, 5, 6, 7, 8, 9, 10, 11]",bandit,0.0,675.2,0.0,1.0,0.0,-0.3000,78.9600,0.0551,0.7,0.3
1791083866.5945234,33900,Light,E-core,"[12, 13, 14, 15, 16, 17, 18, 19, 20, 21, 22, 23]",bandit,0.0,8.8,0.0,1.0,0.0,-0.3000,79.1700,0.0463,0.7,0.3
1791083866.5945234,19856,Light,E-core,"[12, 13, 14, 15, 16, 17, 18, 19, 20, 21, 22, 23]",bandit,0.0,8.8,0.0,1.0,0.0,-0.3000,79.3800,0.0463,0.7,0.3
1791083867.621923,45840,Heavy,P-core,"[0, 1, 2, 3, 4, 5, 6, 7, 8, 9, 10, 11]",bandit,0.0,421.5,0.0,1.0,1.0,-0.0900,79.3800,0.1687,0.7,0.3
1791083867.621923,2608,Heavy,P-core,"[0, 1, 2, 3, 4, 5, 6, 7, 8, 9, 10, 11]",bandit,0.0,672.6,0.0,1.0,0.0,-0.3000,79.5900,0.0538,0.7,0.3
1791083867.621923,33900,Light,P-core,"[0, 1, 2, 3, 4, 5, 6, 7, 8, 9, 10, 11]",bandit,0.0,2.9,0.0,1.0,1.0,-0.0900,79.5900,0.1690,0.7,0.3
1791083867.621923,19856,Light,P-core,"[0, 1, 2, 3, 4, 5, 6, 7, 8, 9, 10, 11]",bandit,0.0,2.9,0.0,1.0,1.0,-0.0900,79.5900,0.1687,0.7,0.3
1791083868.6483932,45840,Heavy,E-core,"[12, 13, 14, 15, 16, 17, 18, 19, 20, 21, 22, 23]",bandit,0.0,559.2,0.0,1.0,0.0,-0.3000,79.8000,0.0456,0.7,0.3
1791083868.6483932,2608,Heavy,E-core,"[12, 13, 14, 15, 16, 17, 18, 19, 20, 21, 22, 23]",bandit,0.0,617.7,0.0,1.0,0.0,-0.3000,80.0100,0.0455,0.7,0.3
1791083868.6483932,33900,Light,P-core,"[0, 1, 2, 3, 4, 5, 6, 7, 8, 9, 10, 11]",bandit,0.0,14.6,0.0,1.0,0.0,-0.3000,80.2200,0.0461,0.7,0.3
1791083868.6483932,19856,Light,P-core,"[0, 1, 2, 3, 4, 5, 6, 7, 8, 9, 10, 11]",bandit,0.0,13.6,0.0,1.0,0.0,-0.3000,80.4300,0.0465,0.7,0.3
1791083869.6772661,45840,Heavy,E-core,"[12, 13, 14, 15, 16, 17, 18, 19, 20, 21, 22, 23]",bandit,0.0,307.1,0.0,1.0,1.0,-0.0900,80.4300,0.1620,0.7,0.3
1791083869.6772661,2608,Heavy,E-core,"[12, 13, 14, 15, 16, 17, 18, 19, 20, 21, 22, 23]",bandit,0.0,247.8,0.0,1.0,1.0,-0.0900,80.4300,0.1618,0.7,0.3
1791083869.6772661,33900,Light,P-core,"[0, 1, 2, 3, 4, 5, 6, 7, 8, 9, 10, 11]",bandit,0.0,5.8,0.0,1.0,0.0,-0.3000,80.6400,0.0460,0.7,0.3
1791083869.6772661,19856,Light,P-core,"[0, 1, 2, 3, 4, 5, 6, 7, 8, 9, 10, 11]",bandit,0.0,2.9,0.0,1.0,0.0,-0.3000,80.8500,0.0453,0.7,0.3
1791083870.7086794,45840,Heavy,P-core,"[0, 1, 2, 3, 4, 5, 6, 7, 8, 9, 10, 11]",bandit,0.0,416.9,0.0,1.0,1.0,-0.0900,80.8500,0.1651,0.7,0.3
1791083870.7086794,2608,Heavy,P-core,"[0, 1, 2, 3, 4, 5, 6, 7, 8, 9, 10, 11]",bandit,0.0,378.1,0.0,1.0,1.0,-0.0900,80.8500,0.1616,0.7,0.3
1791083870.7086794,33900,Light,E-core,"[12, 13, 14, 15, 16, 17, 18, 19, 20, 21, 22, 23]",bandit,0.0,3.9,0.0,1.0,0.0,-0.3000,81.0600,0.0452,0.7,0.3
1791083870.7086794,19856,Light,E-core,"[12, 13, 14, 15, 16, 17, 18, 19, 20, 21, 22, 23]",bandit,0.0,2.9,0.0,1.0,0.0,-0.3000,81.2700,0.0451,0.7,0.3
1791083871.7350285,45840,Heavy,E-core,"[12, 13, 14, 15, 16, 17, 18, 19, 20, 21, 22, 23]",bandit,0.0,522.2,0.0,1.0,0.0,-0.3000,81.4800,0.0456,0.7,0.3
1791083871.7350285,2608,Heavy,E-core,"[12, 13, 14, 15, 16, 17, 18, 19, 20, 21, 22, 23]",bandit,0.0,580.7,0.0,1.0,0.0,-0.3000,81.6900,0.0455,0.7,0.3
1791083871.7350285,33900,Light,P-core,"[0, 1, 2, 3, 4, 5, 6, 7, 8, 9, 10, 11]",bandit,0.0,2.9,0.0,1.0,1.0,-0.0900,81.6900,0.1641,0.7,0.3
1791083871.7350285,19856,Light,P-core,"[0, 1, 2, 3, 4, 5, 6, 7, 8, 9, 10, 11]",bandit,0.0,2.9,0.0,1.0,1.0,-0.0900,81.6900,0.1639,0.7,0.3
1791083872.7654338,45840,Heavy,P-core,"[0, 1, 2, 3, 4, 5, 6, 7, 8, 9, 10, 11]",bandit,0.0,461.0,0.0,1.0,1.0,-0.0900,81.6900,0.1674,0.7,0.3
1791083872.7654338,2608,Heavy,P-core,"[0, 1, 2, 3, 4, 5, 6, 7, 8, 9, 10, 11]",bandit,0.0,380.4,0.0,1.0,1.0,-0.0900,81.6900,0.1598,0.7,0.3
1791083872.7654338,33900,Light,P-core,"[0, 1, 2, 3, 4, 5, 6, 7, 8, 9, 10, 11]",bandit,0.0,3.9,0.0,1.0,0.0,-0.3000,81.9000,0.0451,0.7,0.3
1791083872.7654338,19856,Light,P-core,"[0, 1, 2, 3, 4, 5, 6, 7, 8, 9, 10, 11]",bandit,0.0,3.9,0.0,1.0,0.0,-0.3000,82.1100,0.0453,0.7,0.3
1791083873.7934427,45840,Heavy,P-core,"[0, 1, 2, 3, 4, 5, 6, 7, 8, 9, 10, 11]",bandit,0.0,601.2,0.0,1.0,0.0,-0.3000,82.3200,0.0478,0.7,0.3
1791083873.7934427,2608,Heavy,P-core,"[0, 1, 2, 3, 4, 5, 6, 7, 8, 9, 10, 11]",bandit,0.0,581.7,0.0,1.0,0.0,-0.3000,82.5300,0.0453,0.7,0.3
1791083873.7934427,33900,Light,P-core,"[0, 1, 2, 3, 4, 5, 6, 7, 8, 9, 10, 11]",bandit,0.0,3.9,0.0,1.0,0.0,-0.3000,82.7400,0.0468,0.7,0.3
1791083873.7934427,19856,Light,P-core,"[0, 1, 2, 3, 4, 5, 6, 7, 8, 9, 10, 11]",bandit,0.0,3.9,0.0,1.0,0.0,-0.3000,82.9500,0.0457,0.7,0.3
1791083874.8249774,45840,Heavy,E-core,"[12, 13, 14, 15, 16, 17, 18, 19, 20, 21, 22, 23]",bandit,0.0,572.9,0.0,1.0,0.0,-0.3000,83.1600,0.0437,0.7,0.3
1791083874.8249774,2608,Heavy,E-core,"[12, 13, 14, 15, 16, 17, 18, 19, 20, 21, 22, 23]",bandit,0.0,509.0,0.0,1.0,0.0,-0.3000,83.3700,0.0436,0.7,0.3
1791083874.8249774,33900,Light,P-core,"[0, 1, 2, 3, 4, 5, 6, 7, 8, 9, 10, 11]",bandit,0.0,3.9,0.0,1.0,0.0,-0.3000,83.5800,0.0441,0.7,0.3
1791083874.8249774,19856,Light,E-core,"[12, 13, 14, 15, 16, 17, 18, 19, 20, 21, 22, 23]",bandit,0.0,3.9,0.0,1.0,0.0,-0.3000,83.7900,0.0437,0.7,0.3
1791083875.853647,45840,Heavy,E-core,"[12, 13, 14, 15, 16, 17, 18, 19, 20, 21, 22, 23]",bandit,0.0,393.7,0.0,1.0,1.0,-0.0900,83.7900,0.1613,0.7,0.3
1791083875.853647,2608,Heavy,P-core,"[0, 1, 2, 3, 4, 5, 6, 7, 8, 9, 10, 11]",bandit,0.0,633.8,0.0,1.0,1.0,-0.0900,83.7900,0.1894,0.7,0.3
1791083875.853647,33900,Light,E-core,"[12, 13, 14, 15, 16, 17, 18, 19, 20, 21, 22, 23]",bandit,0.0,2.9,0.0,1.0,0.0,-0.3000,84.0000,0.0438,0.7,0.3
1791083875.853647,19856,Light,E-core,"[12, 13, 14, 15, 16, 17, 18, 19, 20, 21, 22, 23]",bandit,0.0,2.9,0.0,1.0,1.0,-0.0900,84.0000,0.1612,0.7,0.3
1791083876.881034,45840,Heavy,P-core,"[0, 1, 2, 3, 4, 5, 6, 7, 8, 9, 10, 11]",bandit,0.0,492.5,0.0,1.0,1.0,-0.0900,84.0000,0.1711,0.7,0.3
1791083876.881034,2608,Heavy,P-core,"[0, 1, 2, 3, 4, 5, 6, 7, 8, 9, 10, 11]",bandit,0.0,687.2,0.0,1.0,0.0,-0.3000,84.2100,0.0601,0.7,0.3
1791083876.881034,33900,Light,E-core,"[12, 13, 14, 15, 16, 17, 18, 19, 20, 21, 22, 23]",bandit,0.0,2.9,0.0,1.0,1.0,-0.0900,84.2100,0.1601,0.7,0.3
1791083876.881034,19856,Light,P-core,"[0, 1, 2, 3, 4, 5, 6, 7, 8, 9, 10, 11]",bandit,0.0,2.9,0.0,1.0,1.0,-0.0900,84.2100,0.1597,0.7,0.3
1791083877.9076514,45840,Heavy,P-core,"[0, 1, 2, 3, 4, 5, 6, 7, 8, 9, 10, 11]",bandit,0.0,583.5,0.0,1.0,0.0,-0.3000,84.4200,0.0443,0.7,0.3
1791083877.9076514,2608,Heavy,E-core,"[12, 13, 14, 15, 16, 17, 18, 19, 20, 21, 22, 23]",bandit,0.0,566.9,0.0,1.0,0.0,-0.3000,84.6300,0.0441,0.7,0.3
1791083877.9076514,33900,Light,P-core,"[0, 1, 2, 3, 4, 5, 6, 7, 8, 9, 10, 11]",bandit,0.0,2.9,0.0,1.0,1.0,-0.0900,84.6300,0.1599,0.7,0.3
1791083877.9076514,19856,Light,P-core,"[0, 1, 2, 3, 4, 5, 6, 7, 8, 9, 10, 11]",bandit,0.0,5.8,0.0,1.0,0.0,-0.3000,84.8400,0.0455,0.7,0.3
1791083878.9345143,45840,Heavy,P-core,"[0, 1, 2, 3, 4, 5, 6, 7, 8, 9, 10, 11]",bandit,0.0,655.4,0.0,1.0,0.0,-0.3000,85.0500,0.0540,0.7,0.3
1791083878.9345143,2608,Heavy,P-core,"[0, 1, 2, 3, 4, 5, 6, 7, 8, 9, 10, 11]",bandit,0.0,478.2,0.0,1.0,1.0,-0.0900,85.0500,0.1647,0.7,0.3
1791083878.9345143,33900,Light,P-core,"[0, 1, 2, 3, 4, 5, 6, 7, 8, 9, 10, 11]",bandit,0.0,4.9,0.0,1.0,0.0,-0.3000,85.2600,0.0459,0.7,0.3
1791083878.9345143,19856,Light,P-core,"[0, 1, 2, 3, 4, 5, 6, 7, 8, 9, 10, 11]",bandit,0.0,3.9,0.0,1.0,0.0,-0.3000,85.4700,0.0450,0.7,0.3
1791083879.9620662,45840,Heavy,P-core,"[0, 1, 2, 3, 4, 5, 6, 7, 8, 9, 10, 11]",bandit,0.0,639.4,0.0,1.0,0.0,-0.3000,85.6800,0.0514,0.7,0.3
1791083879.9620662,2608,Heavy,P-core,"[0, 1, 2, 3, 4, 5, 6, 7, 8, 9, 10, 11]",bandit,0.0,613.1,0.0,1.0,0.0,-0.3000,85.8900,0.0476,0.7,0.3
1791083879.9620662,33900,Light,P-core,"[0, 1, 2, 3, 4, 5, 6, 7, 8, 9, 10, 11]",bandit,0.0,6.8,0.0,1.0,0.0,-0.3000,86.1000,0.0447,0.7,0.3
1791083879.9620662,19856,Light,E-core,"[12, 13, 14, 15, 16, 17, 18, 19, 20, 21, 22, 23]",bandit,0.0,4.9,0.0,1.0,0.0,-0.3000,86.3100,0.0439,0.7,0.3
1791083880.9893827,45840,Heavy,P-core,"[0, 1, 2, 3, 4, 5, 6, 7, 8, 9, 10, 11]",bandit,0.0,641.5,0.0,1.0,0.0,-0.3000,86.5200,0.0511,0.7,0.3
1791083880.9893827,2608,Heavy,E-core,"[12, 13, 14, 15, 16, 17, 18, 19, 20, 21, 22, 23]",bandit,0.0,522.7,0.0,1.0,0.0,-0.3000,86.7300,0.0437,0.7,0.3
1791083880.9893827,33900,Light,E-core,"[12, 13, 14, 15, 16, 17, 18, 19, 20, 21, 22, 23]",bandit,0.0,3.9,0.0,1.0,0.0,-0.3000,86.9400,0.0438,0.7,0.3
1791083880.9893827,19856,Light,P-core,"[0, 1, 2, 3, 4, 5, 6, 7, 8, 9, 10, 11]",bandit,0.0,2.9,0.0,1.0,1.0,-0.0900,86.9400,0.1601,0.7,0.3
1791083882.0174975,45840,Heavy,P-core,"[0, 1, 2, 3, 4, 5, 6, 7, 8, 9, 10, 11]",bandit,0.0,971.7,0.0,1.0,0.0,-0.3000,87.1500,0.1065,0.7,0.3
1791083882.0174975,2608,Heavy,E-core,"[12, 13, 14, 15, 16, 17, 18, 19, 20, 21, 22, 23]",bandit,0.0,373.5,0.0,1.0,1.0,-0.0900,87.1500,0.1593,0.7,0.3
1791083882.0174975,33900,Light,P-core,"[0, 1, 2, 3, 4, 5, 6, 7, 8, 9, 10, 11]",bandit,0.0,2.9,0.0,1.0,1.0,-0.0900,87.1500,0.1604,0.7,0.3
1791083882.0174975,19856,Light,P-core,"[0, 1, 2, 3, 4, 5, 6, 7, 8, 9, 10, 11]",bandit,0.0,2.9,0.0,1.0,0.0,-0.3000,87.3600,0.0435,0.7,0.3
1791083883.0512893,45840,Heavy,E-core,"[12, 13, 14, 15, 16, 17, 18, 19, 20, 21, 22, 23]",bandit,0.0,457.5,0.0,1.0,0.0,-0.3000,87.5700,0.0420,0.7,0.3
1791083883.0512893,2608,Heavy,E-core,"[12, 13, 14, 15, 16, 17, 18, 19, 20, 21, 22, 23]",bandit,0.0,210.9,0.0,1.0,1.0,-0.0900,87.5700,0.1575,0.7,0.3
1791083883.0512893,33900,Light,P-core,"[0, 1, 2, 3, 4, 5, 6, 7, 8, 9, 10, 11]",bandit,0.0,3.9,0.0,1.0,0.0,-0.3000,87.7800,0.0431,0.7,0.3
1791083883.0512893,19856,Light,E-core,"[12, 13, 14, 15, 16, 17, 18, 19, 20, 21, 22, 23]",bandit,0.0,2.9,0.0,1.0,0.0,-0.3000,87.9900,0.0425,0.7,0.3
1791083884.0832314,45840,Heavy,E-core,"[12, 13, 14, 15, 16, 17, 18, 19, 20, 21, 22, 23]",bandit,0.0,262.6,0.0,1.0,1.0,-0.0900,87.9900,0.1579,0.7,0.3
1791083884.0832314,2608,Heavy,P-core,"[0, 1, 2, 3, 4, 5, 6, 7, 8, 9, 10, 11]",bandit,0.0,422.5,0.0,1.0,1.0,-0.0900,87.9900,0.1582,0.7,0.3
1791083884.0832314,33900,Light,E-core,"[12, 13, 14, 15, 16, 17, 18, 19, 20, 21, 22, 23]",bandit,0.0,3.9,0.0,1.0,0.0,-0.3000,88.2000,0.0429,0.7,0.3
1791083884.0832314,19856,Light,P-core,"[0, 1, 2, 3, 4, 5, 6, 7, 8, 9, 10, 11]",bandit,0.0,2.9,0.0,1.0,1.0,-0.0900,88.2000,0.1571,0.7,0.3
1791083885.112907,45840,Heavy,E-core,"[12, 13, 14, 15, 16, 17, 18, 19, 20, 21, 22, 23]",bandit,0.0,360.3,0.0,1.0,1.0,-0.0900,88.2000,0.1558,0.7,0.3
1791083885.112907,2608,Heavy,E-core,"[12, 13, 14, 15, 16, 17, 18, 19, 20, 21, 22, 23]",bandit,0.0,591.4,0.0,1.0,0.0,-0.3000,88.4100,0.0432,0.7,0.3
1791083885.112907,33900,Light,P-core,"[0, 1, 2, 3, 4, 5, 6, 7, 8, 9, 10, 11]",bandit,0.0,7.8,0.0,1.0,1.0,-0.0900,88.4100,0.1561,0.7,0.3
1791083885.112907,19856,Light,E-core,"[12, 13, 14, 15, 16, 17, 18, 19, 20, 21, 22, 23]",bandit,0.0,9.7,0.0,1.0,0.0,-0.3000,88.6200,0.0432,0.7,0.3
1791083886.1427453,45840,Heavy,E-core,"[12, 13, 14, 15, 16, 17, 18, 19, 20, 21, 22, 23]",bandit,0.0,373.8,0.0,1.0,1.0,-0.0900,88.6200,0.1547,0.7,0.3
1791083886.1427453,2608,Heavy,P-core,"[0, 1, 2, 3, 4, 5, 6, 7, 8, 9, 10, 11]",bandit,0.0,437.0,0.0,1.0,1.0,-0.0900,88.6200,0.1576,0.7,0.3
1791083886.1427453,33900,Light,E-core,"[12, 13, 14, 15, 16, 17, 18, 19, 20, 21, 22, 23]",bandit,0.0,6.8,0.0,1.0,0.0,-0.3000,88.8300,0.0433,0.7,0.3
1791083886.1427453,19856,Light,E-core,"[12, 13, 14, 15, 16, 17, 18, 19, 20, 21, 22, 23]",bandit,0.0,2.9,0.0,1.0,1.0,-0.0900,88.8300,0.1547,0.7,0.3
1791083887.1728663,45840,Heavy,P-core,"[0, 1, 2, 3, 4, 5, 6, 7, 8, 9, 10, 11]",bandit,0.0,447.5,0.0,1.0,1.0,-0.0900,88.8300,0.1575,0.7,0.3
1791083887.1728663,2608,Heavy,P-core,"[0, 1, 2, 3, 4, 5, 6, 7, 8, 9, 10, 11]",bandit,0.0,611.6,0.0,1.0,0.0,-0.3000,89.0400,0.0473,0.7,0.3
1791083887.1728663,33900,Light,E-core,"[12, 13, 14, 15, 16, 17, 18, 19, 20, 21, 22, 23]",bandit,0.0,1.9,0.0,1.0,1.0,-0.0900,89.0400,0.1535,0.7,0.3
1791083887.1728663,19856,Light,E-core,"[12, 13, 14, 15, 16, 17, 18, 19, 20, 21, 22, 23]",bandit,0.0,3.9,0.0,1.0,1.0,-0.0900,89.0400,0.1523,0.7,0.3
1791083888.2036557,45840,Heavy,E-core,"[12, 13, 14, 15, 16, 17, 18, 19, 20, 21, 22, 23]",bandit,0.0,575.3,0.0,1.0,0.0,-0.3000,89.2500,0.0432,0.7,0.3
1791083888.2036557,2608,Heavy,E-core,"[12, 13, 14, 15, 16, 17, 18, 19, 20, 21, 22, 23]",bandit,0.0,518.0,0.0,1.0,0.0,-0.3000,89.4600,0.0432,0.7,0.3
1791083888.2036557,33900,Light,E-core,"[12, 13, 14, 15, 16, 17, 18, 19, 20, 21, 22, 23]",bandit,0.0,3.9,0.0,1.0,1.0,-0.0900,89.4600,0.1514,0.7,0.3
1791083888.2036557,19856,Light,P-core,"[0, 1, 2, 3, 4, 5, 6, 7, 8, 9, 10, 11]",bandit,0.0,2.9,0.0,1.0,1.0,-0.0900,89.4600,0.1509,0.7,0.3
1791083889.23132,45840,Heavy,E-core,"[12, 13, 14, 15, 16, 17, 18, 19, 20, 21, 22, 23]",bandit,0.0,196.6,0.0,1.0,1.0,-0.0900,89.4600,0.1505,0.7,0.3
1791083889.23132,2608,Heavy,E-core,"[12, 13, 14, 15, 16, 17, 18, 19, 20, 21, 22, 23]",bandit,0.0,253.0,0.0,1.0,1.0,-0.0900,89.4600,0.1503,0.7,0.3
1791083889.23132,33900,Light,P-core,"[0, 1, 2, 3, 4, 5, 6, 7, 8, 9, 10, 11]",bandit,0.0,1.0,0.0,1.0,1.0,-0.0900,89.4600,0.1512,0.7,0.3
1791083889.23132,19856,Light,P-core,"[0, 1, 2, 3, 4, 5, 6, 7, 8, 9, 10, 11]",bandit,0.0,4.9,0.0,1.0,0.0,-0.3000,89.6700,0.0456,0.7,0.3
1791083890.2593067,45840,Heavy,E-core,"[12, 13, 14, 15, 16, 17, 18, 19, 20, 21, 22, 23]",bandit,0.0,160.5,0.0,1.0,1.0,-0.0900,89.6700,0.1483,0.7,0.3
1791083890.2593067,2608,Heavy,E-core,"[12, 13, 14, 15, 16, 17, 18, 19, 20, 21, 22, 23]",bandit,0.0,151.8,0.0,1.0,1.0,-0.0900,89.6700,0.1472,0.7,0.3
1791083890.2593067,33900,Light,P-core,"[0, 1, 2, 3, 4, 5, 6, 7, 8, 9, 10, 11]",bandit,0.0,3.9,0.0,1.0,0.0,-0.3000,89.8800,0.0459,0.7,0.3
1791083890.2593067,19856,Light,E-core,"[12, 13, 14, 15, 16, 17, 18, 19, 20, 21, 22, 23]",bandit,0.0,4.9,0.0,1.0,0.0,-0.3000,90.0900,0.0450,0.7,0.3
1791083891.2870336,45840,Heavy,E-core,"[12, 13, 14, 15, 16, 17, 18, 19, 20, 21, 22, 23]",bandit,0.0,266.6,0.0,1.0,1.0,-0.0900,90.0900,0.1465,0.7,0.3
1791083891.2870336,2608,Heavy,E-core,"[12, 13, 14, 15, 16, 17, 18, 19, 20, 21, 22, 23]",bandit,0.0,186.8,0.0,1.0,1.0,-0.0900,90.0900,0.1454,0.7,0.3
1791083891.2870336,33900,Light,E-core,"[12, 13, 14, 15, 16, 17, 18, 19, 20, 21, 22, 23]",bandit,0.0,4.9,0.0,1.0,0.0,-0.3000,90.3000,0.0457,0.7,0.3
1791083891.2870336,19856,Light,P-core,"[0, 1, 2, 3, 4, 5, 6, 7, 8, 9, 10, 11]",bandit,0.0,2.9,0.0,1.0,1.0,-0.0900,90.3000,0.1476,0.7,0.3
1791083892.3144515,45840,Heavy,E-core,"[12, 13, 14, 15, 16, 17, 18, 19, 20, 21, 22, 23]",bandit,0.0,243.3,0.0,1.0,1.0,-0.0900,90.3000,0.1444,0.7,0.3
1791083892.3144515,2608,Heavy,E-core,"[12, 13, 14, 15, 16, 17, 18, 19, 20, 21, 22, 23]",bandit,0.0,218.0,0.0,1.0,1.0,-0.0900,90.3000,0.1434,0.7,0.3
1791083892.3144515,33900,Light,P-core,"[0, 1, 2, 3, 4, 5, 6, 7, 8, 9, 10, 11]",bandit,0.0,1.0,0.0,1.0,1.0,-0.0900,90.3000,0.1473,0.7,0.3
1791083892.3144515,19856,Light,E-core,"[12, 13, 14, 15, 16, 17, 18, 19, 20, 21, 22, 23]",bandit,0.0,2.9,0.0,1.0,0.0,-0.3000,90.5100,0.0460,0.7,0.3
1791083893.3416257,45840,Heavy,E-core,"[12, 13, 14, 15, 16, 17, 18, 19, 20, 21, 22, 23]",bandit,0.0,227.8,0.0,1.0,1.0,-0.0900,90.5100,0.1424,0.7,0.3
1791083893.3416257,2608,Heavy,E-core,"[12, 13, 14, 15, 16, 17, 18, 19, 20, 21, 22, 23]",bandit,0.0,217.1,0.0,1.0,1.0,-0.0900,90.5100,0.1414,0.7,0.3
1791083893.3416257,33900,Light,E-core,"[12, 13, 14, 15, 16, 17, 18, 19, 20, 21, 22, 23]",bandit,0.0,4.9,0.0,1.0,0.0,-0.3000,90.7200,0.0466,0.7,0.3
1791083893.3416257,19856,Light,P-core,"[0, 1, 2, 3, 4, 5, 6, 7, 8, 9, 10, 11]",bandit,0.0,2.9,0.0,1.0,1.0,-0.0900,90.7200,0.1438,0.7,0.3
1791083894.3703694,45840,Heavy,E-core,"[12, 13, 14, 15, 16, 17, 18, 19, 20, 21, 22, 23]",bandit,0.0,139.0,0.0,1.0,1.0,-0.0900,90.7200,0.1403,0.7,0.3
1791083894.3703694,2608,Heavy,E-core,"[12, 13, 14, 15, 16, 17, 18, 19, 20, 21, 22, 23]",bandit,0.0,160.4,0.0,1.0,1.0,-0.0900,90.7200,0.1393,0.7,0.3
1791083894.3703694,33900,Light,P-core,"[0, 1, 2, 3, 4, 5, 6, 7, 8, 9, 10, 11]",bandit,0.0,1.9,0.0,1.0,1.0,-0.0900,90.7200,0.1429,0.7,0.3
1791083894.3703694,19856,Light,E-core,"[12, 13, 14, 15, 16, 17, 18, 19, 20, 21, 22, 23]",bandit,0.0,4.9,0.0,1.0,0.0,-0.3000,90.9300,0.0466,0.7,0.3
1791083895.3993719,45840,Heavy,E-core,"[12, 13, 14, 15, 16, 17, 18, 19, 20, 21, 22, 23]",bandit,0.0,210.9,0.0,1.0,1.0,-0.0900,90.9300,0.1383,0.7,0.3
1791083895.3993719,2608,Heavy,E-core,"[12, 13, 14, 15, 16, 17, 18, 19, 20, 21, 22, 23]",bandit,0.0,182.7,0.0,1.0,1.0,-0.0900,90.9300,0.1374,0.7,0.3
1791083895.3993719,33900,Light,E-core,"[12, 13, 14, 15, 16, 17, 18, 19, 20, 21, 22, 23]",bandit,0.0,4.9,0.0,1.0,0.0,-0.3000,91.1400,0.0472,0.7,0.3
1791083895.3993719,19856,Light,P-core,"[0, 1, 2, 3, 4, 5, 6, 7, 8, 9, 10, 11]",bandit,0.0,1.9,0.0,1.0,1.0,-0.0900,91.1400,0.1396,0.7,0.3
1791083896.4281354,45840,Heavy,E-core,"[12, 13, 14, 15, 16, 17, 18, 19, 20, 21, 22, 23]",bandit,0.0,312.0,0.0,1.0,1.0,-0.0900,91.1400,0.1364,0.7,0.3
1791083896.4281354,2608,Heavy,P-core,"[0, 1, 2, 3, 4, 5, 6, 7, 8, 9, 10, 11]",bandit,0.0,352.9,0.0,1.0,1.0,-0.0900,91.1400,0.1390,0.7,0.3
1791083896.4281354,33900,Light,P-core,"[0, 1, 2, 3, 4, 5, 6, 7, 8, 9, 10, 11]",bandit,0.0,2.9,0.0,1.0,1.0,-0.0900,91.1400,0.1390,0.7,0.3
1791083896.4281354,19856,Light,E-core,"[12, 13, 14, 15, 16, 17, 18, 19, 20, 21, 22, 23]",bandit,0.0,4.9,0.0,1.0,0.0,-0.3000,91.3500,0.0474,0.7,0.3
1791083897.455558,45840,Heavy,P-core,"[0, 1, 2, 3, 4, 5, 6, 7, 8, 9, 10, 11]",bandit,0.0,430.2,0.0,1.0,1.0,-0.0900,91.3500,0.1458,0.7,0.3
1791083897.455558,2608,Heavy,P-core,"[0, 1, 2, 3, 4, 5, 6, 7, 8, 9, 10, 11]",bandit,0.0,760.2,0.0,1.0,0.0,-0.3000,91.5600,0.0813,0.7,0.3
1791083897.455558,33900,Light,E-core,"[12, 13, 14, 15, 16, 17, 18, 19, 20, 21, 22, 23]",bandit,0.0,2.9,0.0,1.0,0.0,-0.3000,91.7700,0.0478,0.7,0.3
1791083897.455558,19856,Light,P-core,"[0, 1, 2, 3, 4, 5, 6, 7, 8, 9, 10, 11]",bandit,0.0,2.9,0.0,1.0,1.0,-0.0900,91.7700,0.1356,0.7,0.3
1791083898.4823635,45840,Heavy,E-core,"[12, 13, 14, 15, 16, 17, 18, 19, 20, 21, 22, 23]",bandit,0.0,522.0,0.0,1.0,0.0,-0.3000,91.9800,0.0475,0.7,0.3
1791083898.4823635,2608,Heavy,P-core,"[0, 1, 2, 3, 4, 5, 6, 7, 8, 9, 10, 11]",bandit,0.0,729.4,0.0,1.0,0.0,-0.3000,92.1900,0.0752,0.7,0.3
1791083898.4823635,33900,Light,P-core,"[0, 1, 2, 3, 4, 5, 6, 7, 8, 9, 10, 11]",bandit,0.0,2.9,0.0,1.0,1.0,-0.0900,92.1900,0.1358,0.7,0.3
1791083898.4823635,19856,Light,E-core,"[12, 13, 14, 15, 16, 17, 18, 19, 20, 21, 22, 23]",bandit,0.0,3.9,0.0,1.0,0.0,-0.3000,92.4000,0.0474,0.7,0.3
1791083899.512213,45840,Heavy,P-core,"[0, 1, 2, 3, 4, 5, 6, 7, 8, 9, 10, 11]",bandit,0.0,385.5,0.0,1.0,1.0,-0.0900,92.4000,0.1365,0.7,0.3
1791083899.512213,2608,Heavy,P-core,"[0, 1, 2, 3, 4, 5, 6, 7, 8, 9, 10, 11]",bandit,0.0,684.6,0.0,1.0,0.0,-0.3000,92.6100,0.0666,0.7,0.3
1791083899.512213,33900,Light,P-core,"[0, 1, 2, 3, 4, 5, 6, 7, 8, 9, 10, 11]",bandit,0.0,2.9,0.0,1.0,0.0,-0.3000,92.8200,0.0473,0.7,0.3
1791083899.512213,19856,Light,E-core,"[12, 13, 14, 15, 16, 17, 18, 19, 20, 21, 22, 23]",bandit,0.0,2.9,0.0,1.0,1.0,-0.0900,92.8200,0.1352,0.7,0.3
1791083900.5398717,45840,Heavy,P-core,"[0, 1, 2, 3, 4, 5, 6, 7, 8, 9, 10, 11]",bandit,0.0,599.4,0.0,1.0,0.0,-0.3000,93.0300,0.0541,0.7,0.3
1791083900.5398717,2608,Heavy,P-core,"[0, 1, 2, 3, 4, 5, 6, 7, 8, 9, 10, 11]",bandit,0.0,634.5,0.0,1.0,0.0,-0.3000,93.2400,0.0584,0.7,0.3
1791083900.5398717,33900,Light,P-core,"[0, 1, 2, 3, 4, 5, 6, 7, 8, 9, 10, 11]",bandit,0.0,4.9,0.0,1.0,0.0,-0.3000,93.4500,0.0474,0.7,0.3
1791083900.5398717,19856,Light,E-core,"[12, 13, 14, 15, 16, 17, 18, 19, 20, 21, 22, 23]",bandit,0.0,2.9,0.0,1.0,1.0,-0.0900,93.4500,0.1350,0.7,0.3
1791083901.5670748,45840,Heavy,E-core,"[12, 13, 14, 15, 16, 17, 18, 19, 20, 21, 22, 23]",bandit,0.0,561.7,0.0,1.0,0.0,-0.3000,93.6600,0.0468,0.7,0.3
1791083901.5670748,2608,Heavy,P-core,"[0, 1, 2, 3, 4, 5, 6, 7, 8, 9, 10, 11]",bandit,0.0,628.9,0.0,1.0,0.0,-0.3000,93.8700,0.0557,0.7,0.3
1791083901.5670748,33900,Light,E-core,"[12, 13, 14, 15, 16, 17, 18, 19, 20, 21, 22, 23]",bandit,0.0,2.9,0.0,1.0,0.0,-0.3000,94.0800,0.0469,0.7,0.3
1791083901.5670748,19856,Light,P-core,"[0, 1, 2, 3, 4, 5, 6, 7, 8, 9, 10, 11]",bandit,0.0,3.9,0.0,1.0,1.0,-0.0900,94.0800,0.1356,0.7,0.3
1791083902.5985825,45840,Heavy,P-core,"[0, 1, 2, 3, 4, 5, 6, 7, 8, 9, 10, 11]",bandit,0.0,409.1,0.0,1.0,1.0,-0.0900,94.0800,0.1386,0.7,0.3
1791083902.5985825,2608,Heavy,P-core,"[0, 1, 2, 3, 4, 5, 6, 7, 8, 9, 10, 11]",bandit,0.0,611.7,0.0,1.0,0.0,-0.3000,94.2900,0.0516,0.7,0.3
1791083902.5985825,33900,Light,P-core,"[0, 1, 2, 3, 4, 5, 6, 7, 8, 9, 10, 11]",bandit,0.0,2.9,0.0,1.0,1.0,-0.0900,94.2900,0.1353,0.7,0.3
1791083902.5985825,19856,Light,P-core,"[0, 1, 2, 3, 4, 5, 6, 7, 8, 9, 10, 11]",bandit,0.0,2.9,0.0,1.0,0.0,-0.3000,94.5000,0.0465,0.7,0.3
1791083903.6267111,45840,Heavy,P-core,"[0, 1, 2, 3, 4, 5, 6, 7, 8, 9, 10, 11]",bandit,0.0,797.6,0.0,1.0,0.0,-0.3000,94.7100,0.0846,0.7,0.3
1791083903.6267111,2608,Heavy,E-core,"[12, 13, 14, 15, 16, 17, 18, 19, 20, 21, 22, 23]",bandit,0.0,525.2,0.0,1.0,0.0,-0.3000,94.9200,0.0464,0.7,0.3
1791083903.6267111,33900,Light,P-core,"[0, 1, 2, 3, 4, 5, 6, 7, 8, 9, 10, 11]",bandit,0.0,8.8,0.0,1.0,0.0,-0.3000,95.1300,0.0474,0.7,0.3
1791083903.6267111,19856,Light,P-core,"[0, 1, 2, 3, 4, 5, 6, 7, 8, 9, 10, 11]",bandit,0.0,6.8,0.0,1.0,0.0,-0.3000,95.3400,0.0466,0.7,0.3
1791083904.6549869,45840,Heavy,P-core,"[0, 1, 2, 3, 4, 5, 6, 7, 8, 9, 10, 11]",bandit,0.0,724.5,0.0,1.0,0.0,-0.3000,95.5500,0.0701,0.7,0.3
1791083904.6549869,2608,Heavy,P-core,"[0, 1, 2, 3, 4, 5, 6, 7, 8, 9, 10, 11]",bandit,0.0,400.7,0.0,1.0,1.0,-0.0900,95.5500,0.1369,0.7,0.3
1791083904.6549869,33900,Light,P-core,"[0, 1, 2, 3, 4, 5, 6, 7, 8, 9, 10, 11]",bandit,0.0,2.9,0.0,1.0,0.0,-0.3000,95.7600,0.0465,0.7,0.3
1791083904.6549869,19856,Light,E-core,"[12, 13, 14, 15, 16, 17, 18, 19, 20, 21, 22, 23]",bandit,0.0,9.7,0.0,1.0,0.0,-0.3000,95.9700,0.0461,0.7,0.3
1791083905.6827533,45840,Heavy,P-core,"[0, 1, 2, 3, 4, 5, 6, 7, 8, 9, 10, 11]",bandit,0.0,579.9,0.0,1.0,0.0,-0.3000,96.1800,0.0460,0.7,0.3
1791083905.6827533,2608,Heavy,E-core,"[12, 13, 14, 15, 16, 17, 18, 19, 20, 21, 22, 23]",bandit,0.0,520.5,0.0,1.0,0.0,-0.3000,96.3900,0.0459,0.7,0.3
1791083905.6827533,33900,Light,E-core,"[12, 13, 14, 15, 16, 17, 18, 19, 20, 21, 22, 23]",bandit,0.0,5.8,0.0,1.0,0.0,-0.3000,96.6000,0.0461,0.7,0.3
1791083905.6827533,19856,Light,E-core,"[12, 13, 14, 15, 16, 17, 18, 19, 20, 21, 22, 23]",bandit,0.0,2.9,0.0,1.0,1.0,-0.0900,96.6000,0.1358,0.7,0.3
