timestamp,pid,true_type,action,assigned_cores,decision_source,cpu_percent,vol_ctx_rate,invol_ctx_rate,time_since_switch,current_core_assignment,reward,cumulative_regret,confidence_ucb,alpha_param,beta_param
1791085486.4901037,28764,Heavy,P-core,"[0, 1, 2, 3, 4, 5, 6, 7, 8, 9, 10, 11]",bandit,0.0,274.2,0.0,1.0,1.0,-0.0900,141.1200,0.1123,0.7,0.3
1791085486.4901037,15888,Heavy,P-core,"[0, 1, 2, 3, 4, 5, 6, 7, 8, 9, 10, 11]",bandit,0.0,231.4,0.0,1.0,1.0,-0.0900,141.1200,0.1138,0.7,0.3
1791085486.4901037,29840,Light,P-core,"[0, 1, 2, 3, 4, 5, 6, 7, 8, 9, 10, 11]",bandit,0.0,2.9,0.0,1.0,0.0,-0.3000,141.3300,0.0226,0.7,0.3
1791085486.4901037,43824,Light,P-core,"[0, 1, 2, 3, 4, 5, 6, 7, 8, 9, 10, 11]",bandit,0.0,2.9,0.0,1.0,0.0,-0.3000,141.5400,0.0228,0.7,0.3
1791085487.515908,28764,Heavy,E-core,"[12, 13, 14, 15, 16, 17, 18, 19, 20, 21, 22, 23]",bandit,0.0,676.5,0.0,1.0,0.0,-0.3000,141.7500,0.0217,0.7,0.3
1791085487.515908,15888,Heavy,P-core,"[0, 1, 2, 3, 4, 5, 6, 7, 8, 9, 10, 11]",bandit,0.0,817.9,0.0,1.0,0.0,-0.3000,141.9600,0.0236,0.7,0.3
1791085487.515908,29840,Light,P-core,"[0, 1, 2, 3, 4, 5, 6, 7, 8, 9, 10, 11]",bandit,0.0,4.9,0.0,1.0,0.0,-0.3000,142.1700,0.0231,0.7,0.3
1791085487.515908,43824,Light,P-core,"[0, 1, 2, 3, 4, 5, 6, 7, 8, 9, 10, 11]",bandit,0.0,7.8,0.0,1.0,0.0,-0.3000,142.3800,0.0222,0.7,0.3
1791085488.5441678,28764,Heavy,P-core,"[0, 1, 2, 3, 4, 5, 6, 7, 8, 9, 10, 11]",bandit,0.0,436.7,0.0,1.0,1.0,-0.0900,142.3800,0.1117,0.7,0.3
1791085488.5441678,15888,Heavy,P-core,"[0, 1, 2, 3, 4, 5, 6, 7, 8, 9, 10, 11]",bandit,0.0,813.0,0.0,1.0,0.0,-0.3000,142.5900,0.0220,0.7,0.3
1791085488.5441678,29840,Light,E-core,"[12, 13, 14, 15, 16, 17, 18, 19, 20, 21, 22, 23]",bandit,0.0,11.7,0.0,1.0,0.0,-0.3000,142.8000,0.0216,0.7,0.3
1791085488.5441678,43824,Light,E-core,"[12, 13, 14, 15, 16, 17, 18, 19, 20, 21, 22, 23]",bandit,0.0,7.8,0.0,1.0,0.0,-0.3000,143.0100,0.0215,0.7,0.3
1791085489.5728695,28764,Heavy,P-core,"[0, 1, 2, 3, 4, 5, 6, 7, 8, 9, 10, 11]",bandit,0.0,1133.5,0.0,1.0,0.0,-0.3000,143.2200,0.0513,0.7,0.3
1791085489.5728695,15888,Heavy,P-core,"[0, 1, 2, 3, 4, 5, 6, 7, 8, 9, 10, 11]",bandit,0.0,853.5,0.0,1.0,0.0,-0.3000,143.4300,0.0244,0.7,0.3
1791085489.5728695,29840,Light,P-core,"[0, 1, 2, 3, 4, 5, 6, 7, 8, 9, 10, 11]",bandit,0.0,2.9,0.0,1.0,1.0,-0.0900,143.4300,0.1318,0.7,0.3
1791085489.5728695,43824,Light,P-core,"[0, 1, 2, 3, 4, 5, 6, 7, 8, 9, 10, 11]",bandit,0.0,8.7,0.0,1.0,1.0,-0.0900,143.4300,0.1311,0.7,0.3
1791085490.6059213,28764,Heavy,E-core,"[12, 13, 14, 15, 16, 17, 18, 19, 20, 21, 22, 23]",bandit,0.0,773.4,0.0,1.0,0.0,-0.3000,143.6400,0.0208,0.7,0.3
1791085490.6059213,15888,Heavy,E-core,"[12, 13, 14, 15, 16, 17, 18, 19, 20, 21, 22, 23]",bandit,0.0,757.0,0.0,1.0,0.0,-0.3000,143.8500,0.0208,0.7,0.3
1791085490.6059213,29840,Light,P-core,"[0, 1, 2, 3, 4, 5, 6, 7, 8, 9, 10, 11]",bandit,0.0,7.7,0.0,1.0,0.0,-0.3000,144.0600,0.0215,0.7,0.3
1791085490.6059213,43824,Light,P-core,"[0, 1, 2, 3, 4, 5, 6, 7, 8, 9, 10, 11]",bandit,0.0,3.9,0.0,1.0,0.0,-0.3000,144.2700,0.0222,0.7,0.3
1791085491.63524,28764,Heavy,P-core,"[0, 1, 2, 3, 4, 5, 6, 7, 8, 9, 10, 11]",bandit,0.0,213.7,0.0,1.0,1.0,-0.0900,144.2700,0.1146,0.7,0.3
1791085491.63524,15888,Heavy,P-core,"[0, 1, 2, 3, 4, 5, 6, 7, 8, 9, 10, 11]",bandit,0.0,241.9,0.0,1.0,1.0,-0.0900,144.2700,0.1133,0.7,0.3
1791085491.63524,29840,Light,P-core,"[0, 1, 2, 3, 4, 5, 6, 7, 8, 9, 10, 11]",bandit,0.0,2.9,0.0,1.0,0.0,-0.3000,144.4800,0.0219,0.7,0.3
1791085491.63524,43824,Light,P-core,"[0, 1, 2, 3, 4, 5, 6, 7, 8, 9, 10, 11]",bandit,0.0,5.8,0.0,1.0,0.0,-0.3000,144.6900,0.0210,0.7,0.3
1791085492.6627555,28764,Heavy,E-core,"[12, 13, 14, 15, 16, 17, 18, 19, 20, 21, 22, 23]",bandit,0.0,718.2,0.0,1.0,0.0,-0.3000,144.9000,0.0209,0.7,0.3
1791085492.6627555,15888,Heavy,E-core,"[12, 13, 14, 15, 16, 17, 18, 19, 20, 21, 22, 23]",bandit,0.0,650.1,0.0,1.0,0.0,-0.3000,145.1100,0.0209,0.7,0.3
1791085492.6627555,29840,Light,P-core,"[0, 1, 2, 3, 4, 5, 6, 7, 8, 9, 10, 11]",bandit,0.0,5.8,0.0,1.0,0.0,-0.3000,145.3200,0.0214,0.7,0.3
1791085492.6627555,43824,Light,E-core,"[12, 13, 14, 15, 16, 17, 18, 19, 20, 21, 22, 23]",bandit,0.0,7.8,0.0,1.0,0.0,-0.3000,145.5300,0.0210,0.7,0.3
1791085493.6903198,28764,Heavy,P-core,"[0, 1, 2, 3, 4, 5, 6, 7, 8, 9, 10, 11]",bandit,0.0,266.6,0.0,1.0,1.0,-0.0900,145.5300,0.1129,0.7,0.3
1791085493.6903198,15888,Heavy,P-core,"[0, 1, 2, 3, 4, 5, 6, 7, 8, 9, 10, 11]",bandit,0.0,253.0,0.0,1.0,1.0,-0.0900,145.5300,0.1133,0.7,0.3
1791085493.6903198,29840,Light,E-core,"[12, 13, 14, 15, 16, 17, 18, 19, 20, 21, 22, 23]",bandit,0.0,2.9,0.0,1.0,0.0,-0.3000,145.7400,0.0208,0.7,0.3
1791085493.6903198,43824,Light,P-core,"[0, 1, 2, 3, 4, 5, 6, 7, 8, 9, 10, 11]",bandit,0.0,3.9,0.0,1.0,1.0,-0.0900,145.7400,0.1310,0.7,0.3
1791085494.7171514,28764,Heavy,P-core,"[0, 1, 2, 3, 4, 5, 6, 7, 8, 9, 10, 11]",bandit,0.0,857.0,0.0,1.0,0.0,-0.3000,145.9500,0.0257,0.7,0.3
1791085494.7171514,15888,Heavy,E-core,"[12, 13, 14, 15, 16, 17, 18, 19, 20, 21, 22, 23]",bandit,0.0,781.0,0.0,1.0,0.0,-0.3000,146.1600,0.0205,0.7,0.3
1791085494.7171514,29840,Light,P-core,"[0, 1, 2, 3, 4, 5, 6, 7, 8, 9, 10, 11]",bandit,0.0,2.9,0.0,1.0,1.0,-0.0900,146.1600,0.1302,0.7,0.3
1791085494.7171514,43824,Light,P-core,"[0, 1, 2, 3, 4, 5, 6, 7, 8, 9, 10, 11]",bandit,0.0,7.8,0.0,1.0,0.0,-0.3000,146.3700,0.0211,0.7,0.3
1791085495.7468753,28764,Heavy,P-core,"[0, 1, 2, 3, 4, 5, 6, 7, 8, 9, 10, 11]",bandit,0.0,852.7,0.0,1.0,0.0,-0.3000,146.5800,0.0253,0.7,0.3
1791085495.7468753,15888,Heavy,P-core,"[0, 1, 2, 3, 4, 5, 6, 7, 8, 9, 10, 11]",bandit,0.0,487.5,0.0,1.0,1.0,-0.0900,146.5800,0.1131,0.7,0.3
1791085495.7468753,29840,Light,P-core,"[0, 1, 2, 3, 4, 5, 6, 7, 8, 9, 10, 11]",bandit,0.0,7.8,0.0,1.0,0.0,-0.3000,146.7900,0.0212,0.7,0.3
1791085495.7468753,43824,Light,P-core,"[0, 1, 2, 3, 4, 5, 6, 7, 8, 9, 10, 11]",bandit,0.0,3.9,0.0,1.0,0.0,-0.3000,147.0000,0.0211,0.7,0.3
1791085496.7763698,28764,Heavy,E-core,"[12, 13, 14, 15, 16, 17, 18, 19, 20, 21, 22, 23]",bandit,0.0,608.1,0.0,1.0,0.0,-0.3000,147.2100,0.0201,0.7,0.3
1791085496.7763698,15888,Heavy,E-core,"[12, 13, 14, 15, 16, 17, 18, 19, 20, 21, 22, 23]",bandit,0.0,618.8,0.0,1.0,0.0,-0.3000,147.4200,0.0201,0.7,0.3
1791085496.7763698,29840,Light,P-core,"[0, 1, 2, 3, 4, 5, 6, 7, 8, 9, 10, 11]",bandit,0.0,7.8,0.0,1.0,0.0,-0.3000,147.6300,0.0208,0.7,0.3
1791085496.7763698,43824,Light,P-core,"[0, 1, 2, 3, 4, 5, 6, 7, 8, 9, 10, 11]",bandit,0.0,2.9,0.0,1.0,0.0,-0.3000,147.8400,0.0207,0.7,0.3
1791085497.8064723,28764,Heavy,P-core,"[0, 1, 2, 3, 4, 5, 6, 7, 8, 9, 10, 11]",bandit,0.0,251.4,0.0,1.0,1.0,-0.0900,147.8400,0.1126,0.7,0.3
1791085497.8064723,15888,Heavy,P-core,"[0, 1, 2, 3, 4, 5, 6, 7, 8, 9, 10, 11]",bandit,0.0,251.4,0.0,1.0,1.0,-0.0900,147.8400,0.1125,0.7,0.3
1791085497.8064723,29840,Light,P-core,"[0, 1, 2, 3, 4, 5, 6, 7, 8, 9, 10, 11]",bandit,0.0,2.9,0.0,1.0,0.0,-0.3000,148.0500,0.0201,0.7,0.3
1791085497.8064723,43824,Light,E-core,"[12, 13, 14, 15, 16, 17, 18, 19, 20, 21, 22, 23]",bandit,0.0,13.6,0.0,1.0,0.0,-0.3000,148.2600,0.0200,0.7,0.3
1791085498.832932,28764,Heavy,E-core,"[12, 13, 14, 15, 16, 17, 18, 19, 20, 21, 22, 23]",bandit,0.0,725.8,0.0,1.0,0.0,-0.3000,148.4700,0.0200,0.7,0.3
1791085498.832932,15888,Heavy,P-core,"[0, 1, 2, 3, 4, 5, 6, 7, 8, 9, 10, 11]",bandit,0.0,904.1,0.0,1.0,0.0,-0.3000,148.6800,0.0312,0.7,0.3
1791085498.832932,29840,Light,E-core,"[12, 13, 14, 15, 16, 17, 18, 19, 20, 21, 22, 23]",bandit,0.0,7.8,0.0,1.0,0.0,-0.3000,148.8900,0.0202,0.7,0.3
1791085498.832932,43824,Light,P-core,"[0, 1, 2, 3, 4, 5, 6, 7, 8, 9, 10, 11]",bandit,0.0,2.9,0.0,1.0,1.0,-0.0900,148.8900,0.1296,0.7,0.3
1791085499.8624802,28764,Heavy,P-core,"[0, 1, 2, 3, 4, 5, 6, 7, 8, 9, 10, 11]",bandit,0.0,405.0,0.0,1.0,1.0,-0.0900,148.8900,0.1116,0.7,0.3
1791085499.8624802,15888,Heavy,P-core,"[0, 1, 2, 3, 4, 5, 6, 7, 8, 9, 10, 11]",bandit,0.0,964.5,0.0,1.0,0.0,-0.3000,149.1000,0.0353,0.7,0.3
1791085499.8624802,29840,Light,P-core,"[0, 1, 2, 3, 4, 5, 6, 7, 8, 9, 10, 11]",bandit,0.0,3.9,0.0,1.0,1.0,-0.0900,149.1000,0.1299,0.7,0.3
1791085499.8624802,43824,Light,P-core,"[0, 1, 2, 3, 4, 5, 6, 7, 8, 9, 10, 11]",bandit,0.0,6.8,0.0,1.0,0.0,-0.3000,149.3100,0.0197,0.7,0.3
1791085500.8906555,28764,Heavy,P-core,"[0, 1, 2, 3, 4, 5, 6, 7, 8, 9, 10, 11]",bandit,0.0,847.1,0.0,1.0,0.0,-0.3000,149.5200,0.0258,0.7,0.3
1791085500.8906555,15888,Heavy,P-core,"[0, 1, 2, 3, 4, 5, 6, 7, 8, 9, 10, 11]",bandit,0.0,946.3,0.0,1.0,0.0,-0.3000,149.7300,0.0334,0.7,0.3
1791085500.8906555,29840,Light,P-core,"[0, 1, 2, 3, 4, 5, 6, 7, 8, 9, 10, 11]",bandit,0.0,4.9,0.0,1.0,0.0,-0.3000,149.9400,0.0208,0.7,0.3
1791085500.8906555,43824,Light,P-core,"[0, 1, 2, 3, 4, 5, 6, 7, 8, 9, 10, 11]",bandit,0.0,3.9,0.0,1.0,0.0,-0.3000,150.1500,0.0204,0.7,0.3
1791085501.9208457,28764,Heavy,P-core,"[0, 1, 2, 3, 4, 5, 6, 7, 8, 9, 10, 11]",bandit,0.0,819.3,0.0,1.0,0.0,-0.3000,150.3600,0.0220,0.7,0.3
1791085501.9208457,15888,Heavy,P-core,"[0, 1, 2, 3, 4, 5, 6, 7, 8, 9, 10, 11]",bandit,0.0,808.6,0.0,1.0,0.0,-0.3000,150.5700,0.0200,0.7,0.3
1791085501.9208457,29840,Light,P-core,"[0, 1, 2, 3, 4, 5, 6, 7, 8, 9, 10, 11]",bandit,0.0,5.8,0.0,1.0,0.0,-0.3000,150.7800,0.0197,0.7,0.3
1791085501.9208457,43824,Light,E-core,"[12, 13, 14, 15, 16, 17, 18, 19, 20, 21, 22, 23]",bandit,0.0,4.9,0.0,1.0,0.0,-0.3000,150.9900,0.0195,0.7,0.3
1791085502.951341,28764,Heavy,P-core,"[0, 1, 2, 3, 4, 5, 6, 7, 8, 9, 10, 11]",bandit,0.0,833.6,0.0,1.0,0.0,-0.3000,151.2000,0.0211,0.7,0.3
1791085502.951341,15888,Heavy,E-core,"[12, 13, 14, 15, 16, 17, 18, 19, 20, 21, 22, 23]",bandit,0.0,813.2,0.0,1.0,0.0,-0.3000,151.4100,0.0193,0.7,0.3
1791085502.951341,29840,Light,E-core,"[12, 13, 14, 15, 16, 17, 18, 19, 20, 21, 22, 23]",bandit,0.0,8.7,0.0,1.0,0.0,-0.3000,151.6200,0.0195,0.7,0.3
1791085502.951341,43824,Light,P-core,"[0, 1, 2, 3, 4, 5, 6, 7, 8, 9, 10, 11]",bandit,0.0,2.9,0.0,1.0,1.0,-0.0900,151.6200,0.1317,0.7,0.3
1791085503.9815145,28764,Heavy,E-core,"[12, 13, 14, 15, 16, 17, 18, 19, 20, 21, 22, 23]",bandit,0.0,800.8,0.0,1.0,0.0,-0.3000,151.8300,0.0192,0.7,0.3
1791085503.9815145,15888,Heavy,P-core,"[0, 1, 2, 3, 4, 5, 6, 7, 8, 9, 10, 11]",bandit,0.0,403.8,0.0,1.0,1.0,-0.0900,151.8300,0.1132,0.7,0.3
1791085503.9815145,29840,Light,P-core,"[0, 1, 2, 3, 4, 5, 6, 7, 8, 9, 10, 11]",bandit,0.0,2.9,0.0,1.0,1.0,-0.0900,151.8300,0.1321,0.7,0.3
1791085503.9815145,43824,Light,P-core,"[0, 1, 2, 3, 4, 5, 6, 7, 8, 9, 10, 11]",bandit,0.0,2.9,0.0,1.0,0.0,-0.3000,152.0400,0.0193,0.7,0.3
1791085505.012619,28764,Heavy,P-core,"[0, 1, 2, 3, 4, 5, 6, 7, 8, 9, 10, 11]",bandit,0.0,273.5,0.0,1.0,1.0,-0.0900,152.0400,0.1133,0.7,0.3
1791085505.012619,15888,Heavy,E-core,"[12, 13, 14, 15, 16, 17, 18, 19, 20, 21, 22, 23]",bandit,0.0,604.2,0.0,1.0,0.0,-0.3000,152.2500,0.0189,0.7,0.3
1791085505.012619,29840,Light,P-core,"[0, 1, 2, 3, 4, 5, 6, 7, 8, 9, 10, 11]",bandit,0.0,3.9,0.0,1.0,0.0,-0.3000,152.4600,0.0198,0.7,0.3
1791085505.012619,43824,Light,P-core,"[0, 1, 2, 3, 4, 5, 6, 7, 8, 9, 10, 11]",bandit,0.0,3.9,0.0,1.0,0.0,-0.3000,152.6700,0.0193,0.7,0.3
1791085506.046739,28764,Heavy,E-core,"[12, 13, 14, 15, 16, 17, 18, 19, 20, 21, 22, 23]",bandit,0.0,535.7,0.0,1.0,0.0,-0.3000,152.8800,0.0187,0.7,0.3
1791085506.046739,15888,Heavy,P-core,"[0, 1, 2, 3, 4, 5, 6, 7, 8, 9, 10, 11]",bandit,0.0,276.6,0.0,1.0,1.0,-0.0900,152.8800,0.1121,0.7,0.3
1791085506.046739,29840,Light,P-core,"[0, 1, 2, 3, 4, 5, 6, 7, 8, 9, 10, 11]",bandit,0.0,3.9,0.0,1.0,0.0,-0.3000,153.0900,0.0191,0.7,0.3
1791085506.046739,43824,Light,E-core,"[12, 13, 14, 15, 16, 17, 18, 19, 20, 21, 22, 23]",bandit,0.0,2.9,0.0,1.0,0.0,-0.3000,153.3000,0.0188,0.7,0.3
1791085507.0797925,28764,Heavy,P-core,"[0, 1, 2, 3, 4, 5, 6, 7, 8, 9, 10, 11]",bandit,0.0,235.2,0.0,1.0,1.0,-0.0900,153.3000,0.1140,0.7,0.3
1791085507.0797925,15888,Heavy,E-core,"[12, 13, 14, 15, 16, 17, 18, 19, 20, 21, 22, 23]",bandit,0.0,535.3,0.0,1.0,0.0,-0.3000,153.5100,0.0185,0.7,0.3
1791085507.0797925,29840,Light,E-core,"[12, 13, 14, 15, 16, 17, 18, 19, 20, 21, 22, 23]",bandit,0.0,2.9,0.0,1.0,0.0,-0.3000,153.7200,0.0187,0.7,0.3
1791085507.0797925,43824,Light,P-core,"[0, 1, 2, 3, 4, 5, 6, 7, 8, 9, 10, 11]",bandit,0.0,2.9,0.0,1.0,1.0,-0.0900,153.7200,0.1300,0.7,0.3
1791085508.1110108,28764,Heavy,P-core,"[0, 1, 2, 3, 4, 5, 6, 7, 8, 9, 10, 11]",bandit,0.0,807.8,0.0,1.0,0.0,-0.3000,153.9300,0.0204,0.7,0.3
1791085508.1110108,15888,Heavy,P-core,"[0, 1, 2, 3, 4, 5, 6, 7, 8, 9, 10, 11]",bandit,0.0,345.2,0.0,1.0,1.0,-0.0900,153.9300,0.1113,0.7,0.3
1791085508.1110108,29840,Light,P-core,"[0, 1, 2, 3, 4, 5, 6, 7, 8, 9, 10, 11]",bandit,0.0,2.9,0.0,1.0,1.0,-0.0900,153.9300,0.1293,0.7,0.3
1791085508.1110108,43824,Light,P-core,"[0, 1, 2, 3, 4, 5, 6, 7, 8, 9, 10, 11]",bandit,0.0,5.8,0.0,1.0,0.0,-0.3000,154.1400,0.0189,0.7,0.3
1791085509.1431494,28764,Heavy,E-core,"[12, 13, 14, 15, 16, 17, 18, 19, 20, 21, 22, 23]",bandit,0.0,655.0,0.0,1.0,0.0,-0.3000,154.3500,0.0182,0.7,0.3
1791085509.1431494,15888,Heavy,E-core,"[12, 13, 14, 15, 16, 17, 18, 19, 20, 21, 22, 23]",bandit,0.0,616.2,0.0,1.0,0.0,-0.3000,154.5600,0.0182,0.7,0.3
1791085509.1431494,29840,Light,P-core,"[0, 1, 2, 3, 4, 5, 6, 7, 8, 9, 10, 11]",bandit,0.0,4.8,0.0,1.0,0.0,-0.3000,154.7700,0.0197,0.7,0.3
1791085509.1431494,43824,Light,P-core,"[0, 1, 2, 3, 4, 5, 6, 7, 8, 9, 10, 11]",bandit,0.0,3.9,0.0,1.0,0.0,-0.3000,154.9800,0.0192,0.7,0.3
1791085510.1728659,28764,Heavy,P-core,"[0, 1, 2, 3, 4, 5, 6, 7, 8, 9, 10, 11]",bandit,0.0,287.5,0.0,1.0,1.0,-0.0900,154.9800,0.1110,0.7,0.3
1791085510.1728659,15888,Heavy,P-core,"[0, 1, 2, 3, 4, 5, 6, 7, 8, 9, 10, 11]",bandit,0.0,271.9,0.0,1.0,1.0,-0.0900,154.9800,0.1113,0.7,0.3
1791085510.1728659,29840,Light,P-core,"[0, 1, 2, 3, 4, 5, 6, 7, 8, 9, 10, 11]",bandit,0.0,7.8,0.0,1.0,0.0,-0.3000,155.1900,0.0184,0.7,0.3
1791085510.1728659,43824,Light,E-core,"[12, 13, 14, 15, 16, 17, 18, 19, 20, 21, 22, 23]",bandit,0.0,4.9,0.0,1.0,0.0,-0.3000,155.4000,0.0183,0.7,0.3
1791085511.2025387,28764,Heavy,P-core,"[0, 1, 2, 3, 4, 5, 6, 7, 8, 9, 10, 11]",bandit,0.0,842.0,0.0,1.0,0.0,-0.3000,155.6100,0.0250,0.7,0.3
1791085511.2025387,15888,Heavy,E-core,"[12, 13, 14, 15, 16, 17, 18, 19, 20, 21, 22, 23]",bandit,0.0,695.4,0.0,1.0,0.0,-0.3000,155.8200,0.0181,0.7,0.3
1791085511.2025387,29840,Light,P-core,"[0, 1, 2, 3, 4, 5, 6, 7, 8, 9, 10, 11]",bandit,0.0,3.9,0.0,1.0,0.0,-0.3000,156.0300,0.0186,0.7,0.3
1791085511.2025387,43824,Light,P-core,"[0, 1, 2, 3, 4, 5, 6, 7, 8, 9, 10, 11]",bandit,0.0,2.9,0.0,1.0,1.0,-0.0900,156.0300,0.1278,0.7,0.3
1791085512.2316267,28764,Heavy,P-core,"[0, 1, 2, 3, 4, 5, 6, 7, 8, 9, 10, 11]",bandit,0.0,865.8,0.0,1.0,0.0,-0.3000,156.2400,0.0265,0.7,0.3
1791085512.2316267,15888,Heavy,P-core,"[0, 1, 2, 3, 4, 5, 6, 7, 8, 9, 10, 11]",bandit,0.0,402.3,0.0,1.0,1.0,-0.0900,156.2400,0.1114,0.7,0.3
1791085512.2316267,29840,Light,E-core,"[12, 13, 14, 15, 16, 17, 18, 19, 20, 21, 22, 23]",bandit,0.0,4.9,0.0,1.0,0.0,-0.3000,156.4500,0.0181,0.7,0.3
1791085512.2316267,43824,Light,P-core,"[0, 1, 2, 3, 4, 5, 6, 7, 8, 9, 10, 11]",bandit,0.0,3.9,0.0,1.0,0.0,-0.3000,156.6600,0.0183,0.7,0.3
1791085513.2612312,28764,Heavy,E-core,"[12, 13, 14, 15, 16, 17, 18, 19, 20, 21, 22, 23]",bandit,0.0,729.4,0.0,1.0,0.0,-0.3000,156.8700,0.0179,0.7,0.3
1791085513.2612312,15888,Heavy,P-core,"[0, 1, 2, 3, 4, 5, 6, 7, 8, 9, 10, 11]",bandit,0.0,859.6,0.0,1.0,0.0,-0.3000,157.0800,0.0260,0.7,0.3
1791085513.2612312,29840,Light,P-core,"[0, 1, 2, 3, 4, 5, 6, 7, 8, 9, 10, 11]",bandit,0.0,2.9,0.0,1.0,1.0,-0.0900,157.0800,0.1279,0.7,0.3
1791085513.2612312,43824,Light,P-core,"[0, 1, 2, 3, 4, 5, 6, 7, 8, 9, 10, 11]",bandit,0.0,2.9,0.0,1.0,0.0,-0.3000,157.2900,0.0185,0.7,0.3
1791085514.2965138,28764,Heavy,P-core,"[0, 1, 2, 3, 4, 5, 6, 7, 8, 9, 10, 11]",bandit,0.0,333.2,0.0,1.0,1.0,-0.0900,157.2900,0.1108,0.7,0.3
1791085514.2965138,15888,Heavy,P-core,"[0, 1, 2, 3, 4, 5, 6, 7, 8, 9, 10, 11]",bandit,0.0,787.2,0.0,1.0,0.0,-0.3000,157.5000,0.0187,0.7,0.3
1791085514.2965138,29840,Light,P-core,"[0, 1, 2, 3, 4, 5, 6, 7, 8, 9, 10, 11]",bandit,0.0,2.9,0.0,1.0,0.0,-0.3000,157.7100,0.0186,0.7,0.3
1791085514.2965138,43824,Light,P-core,"[0, 1, 2, 3, 4, 5, 6, 7, 8, 9, 10, 11]",bandit,0.0,2.9,0.0,1.0,0.0,-0.3000,157.9200,0.0181,0.7,0.3
1791085515.325078,28764,Heavy,P-core,"[0, 1, 2, 3, 4, 5, 6, 7, 8, 9, 10, 11]",bandit,0.0,778.8,0.0,1.0,0.0,-0.3000,158.1300,0.0193,0.7,0.3
1791085515.325078,15888,Heavy,E-core,"[12, 13, 14, 15, 16, 17, 18, 19, 20, 21, 22, 23]",bandit,0.0,698.1,0.0,1.0,0.0,-0.3000,158.3400,0.0177,0.7,0.3
1791085515.325078,29840,Light,P-core,"[0, 1, 2, 3, 4, 5, 6, 7, 8, 9, 10, 11]",bandit,0.0,4.9,0.0,1.0,0.0,-0.3000,158.5500,0.0180,0.7,0.3
1791085515.325078,43824,Light,E-core,"[12, 13, 14, 15, 16, 17, 18, 19, 20, 21, 22, 23]",bandit,0.0,4.9,0.0,1.0,0.0,-0.3000,158.7600,0.0178,0.7,0.3
1791085516.355371,28764,Heavy,P-core,"[0, 1, 2, 3, 4, 5, 6, 7, 8, 9, 10, 11]",bandit,0.0,959.9,0.0,1.0,0.0,-0.3000,158.9700,0.0337,0.7,0.3
1791085516.355371,15888,Heavy,P-core,"[0, 1, 2, 3, 4, 5, 6, 7, 8, 9, 10, 11]",bandit,0.0,499.9,0.0,1.0,1.0,-0.0900,158.9700,0.1153,0.7,0.3
1791085516.355371,29840,Light,E-core,"[12, 13, 14, 15, 16, 17, 18, 19, 20, 21, 22, 23]",bandit,0.0,9.7,0.0,1.0,0.0,-0.3000,159.1800,0.0176,0.7,0.3
1791085516.355371,43824,Light,P-core,"[0, 1, 2, 3, 4, 5, 6, 7, 8, 9, 10, 11]",bandit,0.0,7.8,0.0,1.0,1.0,-0.0900,159.1800,0.1287,0.7,0.3
1791085517.3858132,28764,Heavy,E-core,"[12, 13, 14, 15, 16, 17, 18, 19, 20, 21, 22, 23]",bandit,0.0,770.5,0.0,1.0,0.0,-0.3000,159.3900,0.0173,0.7,0.3
1791085517.3858132,15888,Heavy,E-core,"[12, 13, 14, 15, 16, 17, 18, 19, 20, 21, 22, 23]",bandit,0.0,727.8,0.0,1.0,0.0,-0.3000,159.6000,0.0173,0.7,0.3
1791085517.3858132,29840,Light,P-core,"[0, 1, 2, 3, 4, 5, 6, 7, 8, 9, 10, 11]",bandit,0.0,2.9,0.0,1.0,1.0,-0.0900,159.6000,0.1294,0.7,0.3
1791085517.3858132,43824,Light,P-core,"[0, 1, 2, 3, 4, 5, 6, 7, 8, 9, 10, 11]",bandit,0.0,7.8,0.0,1.0,0.0,-0.3000,159.8100,0.0175,0.7,0.3
1791085518.416057,28764,Heavy,P-core,"[0, 1, 2, 3, 4, 5, 6, 7, 8, 9, 10, 11]",bandit,0.0,242.7,0.0,1.0,1.0,-0.0900,159.8100,0.1128,0.7,0.3
1791085518.416057,15888,Heavy,P-core,"[0, 1, 2, 3, 4, 5, 6, 7, 8, 9, 10, 11]",bandit,0.0,225.2,0.0,1.0,1.0,-0.0900,159.8100,0.1133,0.7,0.3
1791085518.416057,29840,Light,P-core,"[0, 1, 2, 3, 4, 5, 6, 7, 8, 9, 10, 11]",bandit,0.0,2.9,0.0,1.0,0.0,-0.3000,160.0200,0.0182,0.7,0.3
1791085518.416057,43824,Light,P-core,"[0, 1, 2, 3, 4, 5, 6, 7, 8, 9, 10, 11]",bandit,0.0,3.9,0.0,1.0,0.0,-0.3000,160.2300,0.0176,0.7,0.3
1791085519.4433324,28764,Heavy,E-core,"[12, 13, 14, 15, 16, 17, 18, 19, 20, 21, 22, 23]",bandit,0.0,712.6,0.0,1.0,0.0,-0.3000,160.4400,0.0172,0.7,0.3
1791085519.4433324,15888,Heavy,P-core,"[0, 1, 2, 3, 4, 5, 6, 7, 8, 9, 10, 11]",bandit,0.0,945.2,0.0,1.0,0.0,-0.3000,160.6500,0.0339,0.7,0.3
1791085519.4433324,29840,Light,E-core,"[12, 13, 14, 15, 16, 17, 18, 19, 20, 21, 22, 23]",bandit,0.0,9.7,0.0,1.0,0.0,-0.3000,160.8600,0.0174,0.7,0.3
1791085519.4433324,43824,Light,E-core,"[12, 13, 14, 15, 16, 17, 18, 19, 20, 21, 22, 23]",bandit,0.0,6.8,0.0,1.0,0.0,-0.3000,161.0700,0.0174,0.7,0.3
1791085520.475265,28764,Heavy,P-core,"[0, 1, 2, 3, 4, 5, 6, 7, 8, 9, 10, 11]",bandit,0.0,395.4,0.0,1.0,1.0,-0.0900,161.0700,0.1115,0.7,0.3
1791085520.475265,15888,Heavy,P-core,"[0, 1, 2, 3, 4, 5, 6, 7, 8, 9, 10, 11]",bandit,0.0,810.1,0.0,1.0,0.0,-0.3000,161.2800,0.0207,0.7,0.3
1791085520.475265,29840,Light,P-core,"[0, 1, 2, 3, 4, 5, 6, 7, 8, 9, 10, 11]",bandit,0.0,2.9,0.0,1.0,1.0,-0.0900,161.2800,0.1279,0.7,0.3
1791085520.475265,43824,Light,P-core,"[0, 1, 2, 3, 4, 5, 6, 7, 8, 9, 10, 11]",bandit,0.0,2.9,0.0,1.0,1.0,-0.0900,161.2800,0.1278,0.7,0.3
1791085521.5028994,28764,Heavy,E-core,"[12, 13, 14, 15, 16, 17, 18, 19, 20, 21, 22, 23]",bandit,0.0,700.6,0.0,1.0,0.0,-0.3000,161.4900,0.0169,0.7,0.3
1791085521.5028994,15888,Heavy,E-core,"[12, 13, 14, 15, 16, 17, 18, 19, 20, 21, 22, 23]",bandit,0.0,626.7,0.0,1.0,0.0,-0.3000,161.7000,0.0169,0.7,0.3
1791085521.5028994,29840,Light,P-core,"[0, 1, 2, 3, 4, 5, 6, 7, 8, 9, 10, 11]",bandit,0.0,6.8,0.0,1.0,0.0,-0.3000,161.9100,0.0179,0.7,0.3
1791085521.5028994,43824,Light,P-core,"[0, 1, 2, 3, 4, 5, 6, 7, 8, 9, 10, 11]",bandit,0.0,4.9,0.0,1.0,0.0,-0.3000,162.1200,0.0183,0.7,0.3
1791085522.5301087,28764,Heavy,P-core,"[0, 1, 2, 3, 4, 5, 6, 7, 8, 9, 10, 11]",bandit,0.0,207.4,0.0,1.0,1.0,-0.0900,162.1200,0.1125,0.7,0.3
1791085522.5301087,15888,Heavy,P-core,"[0, 1, 2, 3, 4, 5, 6, 7, 8, 9, 10, 11]",bandit,0.0,226.8,0.0,1.0,1.0,-0.0900,162.1200,0.1117,0.7,0.3
1791085522.5301087,29840,Light,P-core,"[0, 1, 2, 3, 4, 5, 6, 7, 8, 9, 10, 11]",bandit,0.0,4.9,0.0,1.0,0.0,-0.3000,162.3300,0.0178,0.7,0.3
1791085522.5301087,43824,Light,P-core,"[0, 1, 2, 3, 4, 5, 6, 7, 8, 9, 10, 11]",bandit,0.0,2.9,0.0,1.0,0.0,-0.3000,162.5400,0.0175,0.7,0.3
1791085523.558163,28764,Heavy,P-core,"[0, 1, 2, 3, 4, 5, 6, 7, 8, 9, 10, 11]",bandit,0.0,894.9,0.0,1.0,0.0,-0.3000,162.7500,0.0298,0.7,0.3
1791085523.558163,15888,Heavy,P-core,"[0, 1, 2, 3, 4, 5, 6, 7, 8, 9, 10, 11]",bandit,0.0,801.5,0.0,1.0,0.0,-0.3000,162.9600,0.0218,0.7,0.3
1791085523.558163,29840,Light,P-core,"[0, 1, 2, 3, 4, 5, 6, 7, 8, 9, 10, 11]",bandit,0.0,8.8,0.0,1.0,0.0,-0.3000,163.1700,0.0171,0.7,0.3
1791085523.558163,43824,Light,P-core,"[0, 1, 2, 3, 4, 5, 6, 7, 8, 9, 10, 11]",bandit,0.0,5.8,0.0,1.0,0.0,-0.3000,163.3800,0.0169,0.7,0.3
1791085524.5873063,28764,Heavy,P-core,"[0, 1, 2, 3, 4, 5, 6, 7, 8, 9, 10, 11]",bandit,0.0,776.4,0.0,1.0,0.0,-0.3000,163.5900,0.0188,0.7,0.3
1791085524.5873063,15888,Heavy,P-core,"[0, 1, 2, 3, 4, 5, 6, 7, 8, 9, 10, 11]",bandit,0.0,860.9,0.0,1.0,0.0,-0.3000,163.8000,0.0253,0.7,0.3
1791085524.5873063,29840,Light,E-core,"[12, 13, 14, 15, 16, 17, 18, 19, 20, 21, 22, 23]",bandit,0.0,6.8,0.0,1.0,0.0,-0.3000,164.0100,0.0167,0.7,0.3
1791085524.5873063,43824,Light,E-core,"[12, 13, 14, 15, 16, 17, 18, 19, 20, 21, 22, 23]",bandit,0.0,6.8,0.0,1.0,0.0,-0.3000,164.2200,0.0167,0.7,0.3
1791085525.6148424,28764,Heavy,P-core,"[0, 1, 2, 3, 4, 5, 6, 7, 8, 9, 10, 11]",bandit,0.0,1162.0,0.0,1.0,0.0,-0.3000,164.4300,0.0533,0.7,0.3
1791085525.6148424,15888,Heavy,P-core,"[0, 1, 2, 3, 4, 5, 6, 7, 8, 9, 10, 11]",bandit,0.0,934.3,0.0,1.0,0.0,-0.3000,164.6400,0.0301,0.7,0.3
1791085525.6148424,29840,Light,P-core,"[0, 1, 2, 3, 4, 5, 6, 7, 8, 9, 10, 11]",bandit,0.0,3.9,0.0,1.0,1.0,-0.0900,164.6400,0.1285,0.7,0.3
1791085525.6148424,43824,Light,P-core,"[0, 1, 2, 3, 4, 5, 6, 7, 8, 9, 10, 11]",bandit,0.0,2.9,0.0,1.0,1.0,-0.0900,164.6400,0.1285,0.7,0.3
1791085526.6423686,28764,Heavy,E-core,"[12, 13, 14, 15, 16, 17, 18, 19, 20, 21, 22, 23]",bandit,0.0,765.9,0.0,1.0,0.0,-0.3000,164.8500,0.0163,0.7,0.3
1791085526.6423686,15888,Heavy,E-core,"[12, 13, 14, 15, 16, 17, 18, 19, 20, 21, 22, 23]",bandit,0.0,692.9,0.0,1.0,0.0,-0.3000,165.0600,0.0163,0.7,0.3
1791085526.6423686,29840,Light,P-core,"[0, 1, 2, 3, 4, 5, 6, 7, 8, 9, 10, 11]",bandit,0.0,5.8,0.0,1.0,0.0,-0.3000,165.2700,0.0166,0.7,0.3
1791085526.6423686,43824,Light,P-core,"[0, 1, 2, 3, 4, 5, 6, 7, 8, 9, 10, 11]",bandit,0.0,6.8,0.0,1.0,0.0,-0.3000,165.4800,0.0167,0.7,0.3
1791085527.6705608,28764,Heavy,P-core,"[0, 1, 2, 3, 4, 5, 6, 7, 8, 9, 10, 11]",bandit,0.0,276.2,0.0,1.0,1.0,-0.0900,165.4800,0.1122,0.7,0.3
1791085527.6705608,15888,Heavy,P-core,"[0, 1, 2, 3, 4, 5, 6, 7, 8, 9, 10, 11]",bandit,0.0,283.0,0.0,1.0,1.0,-0.0900,165.4800,0.1120,0.7,0.3
1791085527.6705608,29840,Light,P-core,"[0, 1, 2, 3, 4, 5, 6, 7, 8, 9, 10, 11]",bandit,0.0,2.9,0.0,1.0,0.0,-0.3000,165.6900,0.0166,0.7,0.3
1791085527.6705608,43824,Light,E-core,"[12, 13, 14, 15, 16, 17, 18, 19, 20, 21, 22, 23]",bandit,0.0,2.9,0.0,1.0,0.0,-0.3000,165.9000,0.0163,0.7,0.3
1791085528.698646,28764,Heavy,P-core,"[0, 1, 2, 3, 4, 5, 6, 7, 8, 9, 10, 11]",bandit,0.0,808.3,0.0,1.0,0.0,-0.3000,166.1100,0.0186,0.7,0.3
1791085528.698646,15888,Heavy,E-core,"[12, 13, 14, 15, 16, 17, 18, 19, 20, 21, 22, 23]",bandit,0.0,733.4,0.0,1.0,0.0,-0.3000,166.3200,0.0161,0.7,0.3
1791085528.698646,29840,Light,E-core,"[12, 13, 14, 15, 16, 17, 18, 19, 20, 21, 22, 23]",bandit,0.0,8.8,0.0,1.0,0.0,-0.3000,166.5300,0.0163,0.7,0.3
1791085528.698646,43824,Light,P-core,"[0, 1, 2, 3, 4, 5, 6, 7, 8, 9, 10, 11]",bandit,0.0,2.9,0.0,1.0,1.0,-0.0900,166.5300,0.1277,0.7,0.3
1791085529.7288916,28764,Heavy,E-core,"[12, 13, 14, 15, 16, 17, 18, 19, 20, 21, 22, 23]",bandit,0.0,762.0,0.0,1.0,0.0,-0.3000,166.7400,0.0158,0.7,0.3
1791085529.7288916,15888,Heavy,P-core,"[0, 1, 2, 3, 4, 5, 6, 7, 8, 9, 10, 11]",bandit,0.0,396.0,0.0,1.0,1.0,-0.0900,166.7400,0.1122,0.7,0.3
1791085529.7288916,29840,Light,P-core,"[0, 1, 2, 3, 4, 5, 6, 7, 8, 9, 10, 11]",bandit,0.0,2.9,0.0,1.0,1.0,-0.0900,166.7400,0.1281,0.7,0.3
1791085529.7288916,43824,Light,P-core,"[0, 1, 2, 3, 4, 5, 6, 7, 8, 9, 10, 11]",bandit,0.0,2.9,0.0,1.0,0.0,-0.3000,166.9500,0.0166,0.7,0.3
1791085530.7599118,28764,Heavy,P-core,"[0, 1, 2, 3, 4, 5, 6, 7, 8, 9, 10, 11]",bandit,0.0,373.4,0.0,1.0,1.0,-0.0900,166.9500,0.1114,0.7,0.3
1791085530.7599118,15888,Heavy,P-core,"[0, 1, 2, 3, 4, 5, 6, 7, 8, 9, 10, 11]",bandit,0.0,808.9,0.0,1.0,0.0,-0.3000,167.1600,0.0191,0.7,0.3
1791085530.7599118,29840,Light,P-core,"[0, 1, 2, 3, 4, 5, 6, 7, 8, 9, 10, 11]",bandit,0.0,3.9,0.0,1.0,0.0,-0.3000,167.3700,0.0171,0.7,0.3
1791085530.7599118,43824,Light,P-core,"[0, 1, 2, 3, 4, 5, 6, 7, 8, 9, 10, 11]",bandit,0.0,8.7,0.0,1.0,0.0,-0.3000,167.5800,0.0162,0.7,0.3
1791085531.7875388,28764,Heavy,P-core,"[0, 1, 2, 3, 4, 5, 6, 7, 8, 9, 10, 11]",bandit,0.0,843.7,0.0,1.0,0.0,-0.3000,167.7900,0.0231,0.7,0.3
1791085531.7875388,15888,Heavy,E-core,"[12, 13, 14, 15, 16, 17, 18, 19, 20, 21, 22, 23]",bandit,0.0,671.4,0.0,1.0,0.0,-0.3000,168.0000,0.0157,0.7,0.3
1791085531.7875388,29840,Light,P-core,"[0, 1, 2, 3, 4, 5, 6, 7, 8, 9, 10, 11]",bandit,0.0,8.8,0.0,1.0,0.0,-0.3000,168.2100,0.0162,0.7,0.3
1791085531.7875388,43824,Light,E-core,"[12, 13, 14, 15, 16, 17, 18, 19, 20, 21, 22, 23]",bandit,0.0,7.8,0.0,1.0,0.0,-0.3000,168.4200,0.0159,0.7,0.3
1791085532.8164392,28764,Heavy,P-core,"[0, 1, 2, 3, 4, 5, 6, 7, 8, 9, 10, 11]",bandit,0.0,873.7,0.0,1.0,0.0,-0.3000,168.6300,0.0241,0.7,0.3
1791085532.8164392,15888,Heavy,P-core,"[0, 1, 2, 3, 4, 5, 6, 7, 8, 9, 10, 11]",bandit,0.0,435.4,0.0,1.0,1.0,-0.0900,168.6300,0.1127,0.7,0.3
1791085532.8164392,29840,Light,P-core,"[0, 1, 2, 3, 4, 5, 6, 7, 8, 9, 10, 11]",bandit,0.0,4.9,0.0,1.0,0.0,-0.3000,168.8400,0.0157,0.7,0.3
1791085532.8164392,43824,Light,P-core,"[0, 1, 2, 3, 4, 5, 6, 7, 8, 9, 10, 11]",bandit,0.0,3.9,0.0,1.0,1.0,-0.0900,168.8400,0.1275,0.7,0.3
1791085533.8471937,28764,Heavy,E-core,"[12, 13, 14, 15, 16, 17, 18, 19, 20, 21, 22, 23]",bandit,0.0,737.3,0.0,1.0,0.0,-0.3000,169.0500,0.0153,0.7,0.3
1791085533.8471937,15888,Heavy,P-core,"[0, 1, 2, 3, 4, 5, 6, 7, 8, 9, 10, 11]",bandit,0.0,800.4,0.0,1.0,0.0,-0.3000,169.2600,0.0172,0.7,0.3
1791085533.8471937,29840,Light,P-core,"[0, 1, 2, 3, 4, 5, 6, 7, 8, 9, 10, 11]",bandit,0.0,5.8,0.0,1.0,0.0,-0.3000,169.4700,0.0157,0.7,0.3
1791085533.8471937,43824,Light,P-core,"[0, 1, 2, 3, 4, 5, 6, 7, 8, 9, 10, 11]",bandit,0.0,5.8,0.0,1.0,0.0,-0.3000,169.6800,0.0159,0.7,0.3
1791085534.8762197,28764,Heavy,P-core,"[0, 1, 2, 3, 4, 5, 6, 7, 8, 9, 10, 11]",bandit,0.0,281.8,0.0,1.0,1.0,-0.0900,169.6800,0.1117,0.7,0.3
1791085534.8762197,15888,Heavy,E-core,"[12, 13, 14, 15, 16, 17, 18, 19, 20, 21, 22, 23]",bandit,0.0,672.5,0.0,1.0,0.0,-0.3000,169.8900,0.0153,0.7,0.3
1791085534.8762197,29840,Light,P-core,"[0, 1, 2, 3, 4, 5, 6, 7, 8, 9, 10, 11]",bandit,0.0,3.9,0.0,1.0,0.0,-0.3000,170.1000,0.0157,0.7,0.3
1791085534.8762197,43824,Light,E-core,"[12, 13, 14, 15, 16, 17, 18, 19, 20, 21, 22, 23]",bandit,0.0,2.9,0.0,1.0,0.0,-0.3000,170.3100,0.0155,0.7,0.3
1791085535.9105227,28764,Heavy,E-core,"[12, 13, 14, 15, 16, 17, 18, 19, 20, 21, 22, 23]",bandit,0.0,644.9,0.0,1.0,0.0,-0.3000,170.5200,0.0150,0.7,0.3
1791085535.9105227,15888,Heavy,P-core,"[0, 1, 2, 3, 4, 5, 6, 7, 8, 9, 10, 11]",bandit,0.0,241.7,0.0,1.0,1.0,-0.0900,170.5200,0.1132,0.7,0.3
1791085535.9105227,29840,Light,P-core,"[0, 1, 2, 3, 4, 5, 6, 7, 8, 9, 10, 11]",bandit,0.0,3.9,0.0,1.0,0.0,-0.3000,170.7300,0.0152,0.7,0.3
1791085535.9105227,43824,Light,P-core,"[0, 1, 2, 3, 4, 5, 6, 7, 8, 9, 10, 11]",bandit,0.0,2.9,0.0,1.0,1.0,-0.0900,170.7300,0.1280,0.7,0.3
1791085536.9400704,28764,Heavy,P-core,"[0, 1, 2, 3, 4, 5, 6, 7, 8, 9, 10, 11]",bandit,0.0,345.8,0.0,1.0,1.0,-0.0900,170.7300,0.1119,0.7,0.3
1791085536.9400704,15888,Heavy,E-core,"[12, 13, 14, 15, 16, 17, 18, 19, 20, 21, 22, 23]",bandit,0.0,761.5,0.0,1.0,0.0,-0.3000,170.9400,0.0149,0.7,0.3
1791085536.9400704,29840,Light,E-core,"[12, 13, 14, 15, 16, 17, 18, 19, 20, 21, 22, 23]",bandit,0.0,2.9,0.0,1.0,0.0,-0.3000,171.1500,0.0152,0.7,0.3
1791085536.9400704,43824,Light,E-core,"[12, 13, 14, 15, 16, 17, 18, 19, 20, 21, 22, 23]",bandit,0.0,4.9,0.0,1.0,0.0,-0.3000,171.3600,0.0151,0.7,0.3
1791085537.968457,28764,Heavy,P-core,"[0, 1, 2, 3, 4, 5, 6, 7, 8, 9, 10, 11]",bandit,0.0,884.9,0.0,1.0,0.0,-0.3000,171.5700,0.0265,0.7,0.3
1791085537.968457,15888,Heavy,P-core,"[0, 1, 2, 3, 4, 5, 6, 7, 8, 9, 10, 11]",bandit,0.0,402.6,0.0,1.0,1.0,-0.0900,171.5700,0.1116,0.7,0.3
1791085537.968457,29840,Light,P-core,"[0, 1, 2, 3, 4, 5, 6, 7, 8, 9, 10, 11]",bandit,0.0,4.9,0.0,1.0,1.0,-0.0900,171.5700,0.1260,0.7,0.3
1791085537.968457,43824,Light,P-core,"[0, 1, 2, 3, 4, 5, 6, 7, 8, 9, 10, 11]",bandit,0.0,2.9,0.0,1.0,1.0,-0.0900,171.5700,0.1261,0.7,0.3
1791085538.9950526,28764,Heavy,E-core,"[12, 13, 14, 15, 16, 17, 18, 19, 20, 21, 22, 23]",bandit,0.0,753.0,0.0,1.0,0.0,-0.3000,171.7800,0.0149,0.7,0.3
1791085538.9950526,15888,Heavy,E-core,"[12, 13, 14, 15, 16, 17, 18, 19, 20, 21, 22, 23]",bandit,0.0,663.4,0.0,1.0,0.0,-0.3000,171.9900,0.0149,0.7,0.3
1791085538.9950526,29840,Light,P-core,"[0, 1, 2, 3, 4, 5, 6, 7, 8, 9, 10, 11]",bandit,0.0,5.8,0.0,1.0,0.0,-0.3000,172.2000,0.0161,0.7,0.3
1791085538.9950526,43824,Light,P-core,"[0, 1, 2, 3, 4, 5, 6, 7, 8, 9, 10, 11]",bandit,0.0,11.7,0.0,1.0,0.0,-0.3000,172.4100,0.0157,0.7,0.3
1791085540.0247629,28764,Heavy,P-core,"[0, 1, 2, 3, 4, 5, 6, 7, 8, 9, 10, 11]",bandit,0.0,503.1,0.0,1.0,1.0,-0.0900,172.4100,0.1138,0.7,0.3
1791085540.0247629,15888,Heavy,P-core,"[0, 1, 2, 3, 4, 5, 6, 7, 8, 9, 10, 11]",bandit,0.0,320.5,0.0,1.0,1.0,-0.0900,172.4100,0.1096,0.7,0.3
1791085540.0247629,29840,Light,P-core,"[0, 1, 2, 3, 4, 5, 6, 7, 8, 9, 10, 11]",bandit,0.0,4.9,0.0,1.0,0.0,-0.3000,172.6200,0.0159,0.7,0.3
1791085540.0247629,43824,Light,P-core,"[0, 1, 2, 3, 4, 5, 6, 7, 8, 9, 10, 11]",bandit,0.0,2.9,0.0,1.0,0.0,-0.3000,172.8300,0.0156,0.7,0.3
1791085541.053489,28764,Heavy,P-core,"[0, 1, 2, 3, 4, 5, 6, 7, 8, 9, 10, 11]",bandit,0.0,790.3,0.0,1.0,0.0,-0.3000,173.0400,0.0191,0.7,0.3
1791085541.053489,15888,Heavy,P-core,"[0, 1, 2, 3, 4, 5, 6, 7, 8, 9, 10, 11]",bandit,0.0,812.7,0.0,1.0,0.0,-0.3000,173.2500,0.0212,0.7,0.3
1791085541.053489,29840,Light,P-core,"[0, 1, 2, 3, 4, 5, 6, 7, 8, 9, 10, 11]",bandit,0.0,5.8,0.0,1.0,0.0,-0.3000,173.4600,0.0158,0.7,0.3
1791085541.053489,43824,Light,E-core,"[12, 13, 14, 15, 16, 17, 18, 19, 20, 21, 22, 23]",bandit,0.0,13.6,0.0,1.0,0.0,-0.3000,173.6700,0.0147,0.7,0.3
1791085542.08155,28764,Heavy,P-core,"[0, 1, 2, 3, 4, 5, 6, 7, 8, 9, 10, 11]",bandit,0.0,802.5,0.0,1.0,0.0,-0.3000,173.8800,0.0197,0.7,0.3
1791085542.08155,15888,Heavy,E-core,"[12, 13, 14, 15, 16, 17, 18, 19, 20, 21, 22, 23]",bandit,0.0,725.6,0.0,1.0,0.0,-0.3000,174.0900,0.0145,0.7,0.3
1791085542.08155,29840,Light,P-core,"[0, 1, 2, 3, 4, 5, 6, 7, 8, 9, 10, 11]",bandit,0.0,6.8,0.0,1.0,0.0,-0.3000,174.3000,0.0149,0.7,0.3
1791085542.08155,43824,Light,P-core,"[0, 1, 2, 3, 4, 5, 6, 7, 8, 9, 10, 11]",bandit,0.0,2.9,0.0,1.0,1.0,-0.0900,174.3000,0.1259,0.7,0.3
1791085543.1085975,28764,Heavy,P-core,"[0, 1, 2, 3, 4, 5, 6, 7, 8, 9, 10, 11]",bandit,0.0,895.8,0.0,1.0,0.0,-0.3000,174.5100,0.0263,0.7,0.3
1791085543.1085975,15888,Heavy,P-core,"[0, 1, 2, 3, 4, 5, 6, 7, 8, 9, 10, 11]",bandit,0.0,396.3,0.0,1.0,1.0,-0.0900,174.5100,0.1115,0.7,0.3
1791085543.1085975,29840,Light,P-core,"[0, 1, 2, 3, 4, 5, 6, 7, 8, 9, 10, 11]",bandit,0.0,4.9,0.0,1.0,0.0,-0.3000,174.7200,0.0146,0.7,0.3
1791085543.1085975,43824,Light,P-core,"[0, 1, 2, 3, 4, 5, 6, 7, 8, 9, 10, 11]",bandit,0.0,2.9,0.0,1.0,0.0,-0.3000,174.9300,0.0150,0.7,0.3
1791085544.1386194,28764,Heavy,E-core,"[12, 13, 14, 15, 16, 17, 18, 19, 20, 21, 22, 23]",bandit,0.0,661.2,0.0,1.0,0.0,-0.3000,175.1400,0.0142,0.7,0.3
1791085544.1386194,15888,Heavy,E-core,"[12, 13, 14, 15, 16, 17, 18, 19, 20, 21, 22, 23]",bandit,0.0,734.0,0.0,1.0,0.0,-0.3000,175.3500,0.0142,0.7,0.3
1791085544.1386194,29840,Light,P-core,"[0, 1, 2, 3, 4, 5, 6, 7, 8, 9, 10, 11]",bandit,0.0,1.0,0.0,1.0,0.0,-0.3000,175.5600,0.0154,0.7,0.3
1791085544.1386194,43824,Light,P-core,"[0, 1, 2, 3, 4, 5, 6, 7, 8, 9, 10, 11]",bandit,0.0,1.9,0.0,1.0,0.0,-0.3000,175.7700,0.0148,0.7,0.3
1791085545.1685095,28764,Heavy,P-core,"[0, 1, 2, 3, 4, 5, 6, 7, 8, 9, 10, 11]",bandit,0.0,345.7,0.0,1.0,1.0,-0.0900,175.7700,0.1113,0.7,0.3
1791085545.1685095,15888,Heavy,P-core,"[0, 1, 2, 3, 4, 5, 6, 7, 8, 9, 10, 11]",bandit,0.0,336.0,0.0,1.0,1.0,-0.0900,175.7700,0.1112,0.7,0.3
1791085545.1685095,29840,Light,P-core,"[0, 1, 2, 3, 4, 5, 6, 7, 8, 9, 10, 11]",bandit,0.0,2.9,0.0,1.0,0.0,-0.3000,175.9800,0.0142,0.7,0.3
1791085545.1685095,43824,Light,E-core,"[12, 13, 14, 15, 16, 17, 18, 19, 20, 21, 22, 23]",bandit,0.0,21.4,0.0,1.0,0.0,-0.3000,176.1900,0.0142,0.7,0.3
1791085546.1981351,28764,Heavy,P-core,"[0, 1, 2, 3, 4, 5, 6, 7, 8, 9, 10, 11]",bandit,0.0,787.7,0.0,1.0,0.0,-0.3000,176.4000,0.0175,0.7,0.3
1791085546.1981351,15888,Heavy,P-core,"[0, 1, 2, 3, 4, 5, 6, 7, 8, 9, 10, 11]",bandit,0.0,799.3,0.0,1.0,0.0,-0.3000,176.6100,0.0187,0.7,0.3
1791085546.1981351,29840,Light,E-core,"[12, 13, 14, 15, 16, 17, 18, 19, 20, 21, 22, 23]",bandit,0.0,7.8,0.0,1.0,0.0,-0.3000,176.8200,0.0142,0.7,0.3
1791085546.1981351,43824,Light,P-core,"[0, 1, 2, 3, 4, 5, 6, 7, 8, 9, 10, 11]",bandit,0.0,2.9,0.0,1.0,1.0,-0.0900,176.8200,0.1260,0.7,0.3
1791085547.2413263,28764,Heavy,P-core,"[0, 1, 2, 3, 4, 5, 6, 7, 8, 9, 10, 11]",bandit,0.0,973.0,0.0,1.0,0.0,-0.3000,177.0300,0.0346,0.7,0.3
1791085547.2413263,15888,Heavy,P-core,"[0, 1, 2, 3, 4, 5, 6, 7, 8, 9, 10, 11]",bandit,0.0,906.8,0.0,1.0,0.0,-0.3000,177.2400,0.0275,0.7,0.3
1791085547.2413263,29840,Light,P-core,"[0, 1, 2, 3, 4, 5, 6, 7, 8, 9, 10, 11]",bandit,0.0,2.9,0.0,1.0,1.0,-0.0900,177.2400,0.1283,0.7,0.3
1791085547.2413263,43824,Light,P-core,"[0, 1, 2, 3, 4, 5, 6, 7, 8, 9, 10, 11]",bandit,0.0,7.7,0.0,1.0,0.0,-0.3000,177.4500,0.0149,0.7,0.3
1791085548.2869923,28764,Heavy,E-core,"[12, 13, 14, 15, 16, 17, 18, 19, 20, 21, 22, 23]",bandit,0.0,688.6,0.0,1.0,0.0,-0.3000,177.6600,0.0136,0.7,0.3
1791085548.2869923,15888,Heavy,P-core,"[0, 1, 2, 3, 4, 5, 6, 7, 8, 9, 10, 11]",bandit,0.0,785.1,0.0,1.0,0.0,-0.3000,177.8700,0.0159,0.7,0.3
1791085548.2869923,29840,Light,P-core,"[0, 1, 2, 3, 4, 5, 6, 7, 8, 9, 10, 11]",bandit,0.0,3.8,0.0,1.0,0.0,-0.3000,178.0800,0.0160,0.7,0.3
1791085548.2869923,43824,Light,P-core,"[0, 1, 2, 3, 4, 5, 6, 7, 8, 9, 10, 11]",bandit,0.0,2.9,0.0,1.0,0.0,-0.3000,178.2900,0.0156,0.7,0.3
1791085549.3159075,28764,Heavy,P-core,"[0, 1, 2, 3, 4, 5, 6, 7, 8, 9, 10, 11]",bandit,0.0,504.4,0.0,1.0,1.0,-0.0900,178.2900,0.1156,0.7,0.3
1791085549.3159075,15888,Heavy,P-core,"[0, 1, 2, 3, 4, 5, 6, 7, 8, 9, 10, 11]",bandit,0.0,1220.7,0.0,1.0,0.0,-0.3000,178.5000,0.0550,0.7,0.3
1791085549.3159075,29840,Light,E-core,"[12, 13, 14, 15, 16, 17, 18, 19, 20, 21, 22, 23]",bandit,0.0,5.8,0.0,1.0,0.0,-0.3000,178.7100,0.0139,0.7,0.3
1791085549.3159075,43824,Light,E-core,"[12, 13, 14, 15, 16, 17, 18, 19, 20, 21, 22, 23]",bandit,0.0,5.8,0.0,1.0,0.0,-0.3000,178.9200,0.0139,0.7,0.3
1791085550.825047,32956,Heavy,E-core,"[12, 13, 14, 15, 16, 17, 18, 19, 20, 21, 22, 23]",heuristic,0.0,462.2,0.0,1.1,0.0,0.0000,0.0000,0.0000,0.7,0.3
1791085550.825047,45196,Heavy,E-core,"[12, 13, 14, 15, 16, 17, 18, 19, 20, 21, 22, 23]",heuristic,0.0,459.4,0.0,1.1,0.0,0.0000,0.0000,0.0000,0.7,0.3
1791085550.825047,40340,Light,E-core,"[12, 13, 14, 15, 16, 17, 18, 19, 20, 21, 22, 23]",heuristic,0.0,135.1,0.0,1.1,0.0,0.0000,0.0000,0.0000,0.7,0.3
1791085550.825047,45368,Light,E-core,"[12, 13, 14, 15, 16, 17, 18, 19, 20, 21, 22, 23]",heuristic,0.0,148.2,0.0,1.1,0.0,0.0000,0.0000,0.0000,0.7,0.3
1791085551.385552,32956,Heavy,E-core,"[12, 13, 14, 15, 16, 17, 18, 19, 20, 21, 22, 23]",heuristic,0.0,250.7,0.0,1.0,1.0,0.0000,178.9200,0.0000,0.7,0.3
1791085551.385552,45196,Heavy,E-core,"[12, 13, 14, 15, 16, 17, 18, 19, 20, 21, 22, 23]",heuristic,0.0,321.4,0.0,1.0,1.0,0.0000,178.9200,0.0000,0.7,0.3
1791085551.385552,40340,Light,E-core,"[12, 13, 14, 15, 16, 17, 18, 19, 20, 21, 22, 23]",heuristic,0.0,1.9,0.0,1.0,1.0,0.0000,178.9200,0.0000,0.7,0.3
1791085551.385552,45368,Light,E-core,"[12, 13, 14, 15, 16, 17, 18, 19, 20, 21, 22, 23]",heuristic,0.0,2.9,0.0,1.0,1.0,0.0000,178.9200,0.0000,0.7,0.3
1791085551.861346,32956,Heavy,E-core,"[12, 13, 14, 15, 16, 17, 18, 19, 20, 21, 22, 23]",heuristic,0.0,101.3,0.0,1.0,1.0,-0.0900,0.0000,0.0000,0.7,0.3
1791085551.861346,45196,Heavy,E-core,"[12, 13, 14, 15, 16, 17, 18, 19, 20, 21, 22, 23]",heuristic,0.0,276.0,0.0,1.0,1.0,-0.0900,0.0000,0.0000,0.7,0.3
1791085551.861346,40340,Light,E-core,"[12, 13, 14, 15, 16, 17, 18, 19, 20, 21, 22, 23]",heuristic,0.0,2.9,0.0,1.0,1.0,-0.0900,0.0000,0.0000,0.7,0.3
1791085551.861346,45368,Light,E-core,"[12, 13, 14, 15, 16, 17, 18, 19, 20, 21, 22, 23]",heuristic,0.0,2.9,0.0,1.0,1.0,-0.0900,0.0000,0.0000,0.7,0.3
1791085552.4249685,32956,Heavy,E-core,"[12, 13, 14, 15, 16, 17, 18, 19, 20, 21, 22, 23]",heuristic,0.0,111.6,0.0,1.0,1.0,-0.0900,178.9200,0.0000,0.7,0.3
1791085552.4249685,45196,Heavy,E-core,"[12, 13, 14, 15, 16, 17, 18, 19, 20, 21, 22, 23]",heuristic,0.0,331.9,0.0,1.0,1.0,-0.0900,178.9200,0.0000,0.7,0.3
1791085552.4249685,40340,Light,E-core,"[12, 13, 14, 15, 16, 17, 18, 19, 20, 21, 22, 23]",heuristic,0.0,1.9,0.0,1.0,1.0,-0.0900,178.9200,0.0000,0.7,0.3
1791085552.4249685,45368,Light,E-core,"[12, 13, 14, 15, 16, 17, 18, 19, 20, 21, 22, 23]",heuristic,0.0,2.9,0.0,1.0,1.0,-0.0900,178.9200,0.0000,0.7,0.3
1791085552.9120104,32956,Heavy,E-core,"[12, 13, 14, 15, 16, 17, 18, 19, 20, 21, 22, 23]",heuristic,0.0,241.8,0.0,1.1,1.0,-0.0900,0.0000,0.0000,0.7,0.3
1791085552.9120104,45196,Heavy,E-core,"[12, 13, 14, 15, 16, 17, 18, 19, 20, 21, 22, 23]",heuristic,0.0,302.7,0.0,1.1,1.0,-0.0900,0.0000,0.0000,0.7,0.3
1791085552.9120104,40340,Light,E-core,"[12, 13, 14, 15, 16, 17, 18, 19, 20, 21, 22, 23]",heuristic,0.0,4.8,0.0,1.1,1.0,-0.0900,0.0000,0.0000,0.7,0.3
1791085552.9120104,45368,Light,E-core,"[12, 13, 14, 15, 16, 17, 18, 19, 20, 21, 22, 23]",heuristic,0.0,2.9,0.0,1.1,1.0,-0.0900,0.0000,0.0000,0.7,0.3
1791085553.4631188,32956,Heavy,E-core,"[12, 13, 14, 15, 16, 17, 18, 19, 20, 21, 22, 23]",heuristic,0.0,336.2,0.0,1.0,1.0,-0.0900,178.9200,0.0000,0.7,0.3
1791085553.4631188,45196,Heavy,E-core,"[12, 13, 14, 15, 16, 17, 18, 19, 20, 21, 22, 23]",heuristic,0.0,160.9,0.0,1.0,1.0,-0.0900,178.9200,0.0000,0.7,0.3
1791085553.4631188,40340,Light,E-core,"[12, 13, 14, 15, 16, 17, 18, 19, 20, 21, 22, 23]",heuristic,0.0,6.7,0.0,1.0,1.0,-0.0900,178.9200,0.0000,0.7,0.3
1791085553.4631188,45368,Light,E-core,"[12, 13, 14, 15, 16, 17, 18, 19, 20, 21, 22, 23]",heuristic,0.0,2.9,0.0,1.0,1.0,-0.0900,178.9200,0.0000,0.7,0.3
1791085553.9569712,32956,Heavy,E-core,"[12, 13, 14, 15, 16, 17, 18, 19, 20, 21, 22, 23]",heuristic,0.0,310.1,0.0,1.0,1.0,-0.0900,0.0000,0.0000,0.7,0.3
1791085553.9569712,45196,Heavy,E-core,"[12, 13, 14, 15, 16, 17, 18, 19, 20, 21, 22, 23]",heuristic,0.0,96.7,0.0,1.0,1.0,-0.0900,0.0000,0.0000,0.7,0.3
1791085553.9569712,40340,Light,E-core,"[12, 13, 14, 15, 16, 17, 18, 19, 20, 21, 22, 23]",heuristic,0.0,4.8,0.0,1.0,1.0,-0.0900,0.0000,0.0000,0.7,0.3
1791085553.9569712,45368,Light,E-core,"[12, 13, 14, 15, 16, 17, 18, 19, 20, 21, 22, 23]",heuristic,0.0,2.9,0.0,1.0,1.0,-0.0900,0.0000,0.0000,0.7,0.3
1791085554.4979506,32956,Heavy,E-core,"[12, 13, 14, 15, 16, 17, 18, 19, 20, 21, 22, 23]",heuristic,0.0,300.5,0.0,1.0,1.0,-0.0900,178.9200,0.0000,0.7,0.3
1791085554.4979506,45196,Heavy,E-core,"[12, 13, 14, 15, 16, 17, 18, 19, 20, 21, 22, 23]",heuristic,0.0,109.2,0.0,1.0,1.0,-0.0900,178.9200,0.0000,0.7,0.3
1791085554.4979506,40340,Light,E-core,"[12, 13, 14, 15, 16, 17, 18, 19, 20, 21, 22, 23]",heuristic,0.0,2.9,0.0,1.0,1.0,-0.0900,178.9200,0.0000,0.7,0.3
1791085554.4979506,45368,Light,E-core,"[12, 13, 14, 15, 16, 17, 18, 19, 20, 21, 22, 23]",heuristic,0.0,3.9,0.0,1.0,1.0,-0.0900,178.9200,0.0000,0.7,0.3
1791085555.0030715,32956,Heavy,E-core,"[12, 13, 14, 15, 16, 17, 18, 19, 20, 21, 22, 23]",heuristic,0.0,278.2,0.0,1.0,1.0,-0.0900,0.0000,0.0000,0.7,0.3
1791085555.0030715,45196,Heavy,E-core,"[12, 13, 14, 15, 16, 17, 18, 19, 20, 21, 22, 23]",heuristic,0.0,109.9,0.0,1.0,1.0,-0.0900,0.0000,0.0000,0.7,0.3
1791085555.0030715,40340,Light,E-core,"[12, 13, 14, 15, 16, 17, 18, 19, 20, 21, 22, 23]",heuristic,0.0,1.9,0.0,1.0,1.0,-0.0900,0.0000,0.0000,0.7,0.3
1791085555.0030715,45368,Light,E-core,"[12, 13, 14, 15, 16, 17, 18, 19, 20, 21, 22, 23]",heuristic,0.0,2.9,0.0,1.0,1.0,-0.0900,0.0000,0.0000,0.7,0.3
1791085555.5306127,32956,Heavy,E-core,"[12, 13, 14, 15, 16, 17, 18, 19, 20, 21, 22, 23]",heuristic,0.0,261.5,0.0,1.0,1.0,-0.0900,178.9200,0.0000,0.7,0.3
1791085555.5306127,45196,Heavy,E-core,"[12, 13, 14, 15, 16, 17, 18, 19, 20, 21, 22, 23]",heuristic,0.0,89.1,0.0,1.0,1.0,-0.0900,178.9200,0.0000,0.7,0.3
1791085555.5306127,40340,Light,E-core,"[12, 13, 14, 15, 16, 17, 18, 19, 20, 21, 22, 23]",heuristic,0.0,1.9,0.0,1.0,1.0,-0.0900,178.9200,0.0000,0.7,0.3
1791085555.5306127,45368,Light,E-core,"[12, 13, 14, 15, 16, 17, 18, 19, 20, 21, 22, 23]",heuristic,0.0,1.9,0.0,1.0,1.0,-0.0900,178.9200,0.0000,0.7,0.3
1791085556.5643663,32956,Heavy,E-core,"[12, 13, 14, 15, 16, 17, 18, 19, 20, 21, 22, 23]",heuristic,0.0,323.1,0.0,1.0,1.0,-0.0900,178.9200,0.0000,0.7,0.3
1791085556.5643663,45196,Heavy,E-core,"[12, 13, 14, 15, 16, 17, 18, 19, 20, 21, 22, 23]",heuristic,0.0,159.6,0.0,1.0,1.0,-0.0900,178.9200,0.0000,0.7,0.3
1791085556.5643663,40340,Light,E-core,"[12, 13, 14, 15, 16, 17, 18, 19, 20, 21, 22, 23]",heuristic,0.0,2.9,0.0,1.0,1.0,-0.0900,178.9200,0.0000,0.7,0.3
1791085556.5643663,45368,Light,E-core,"[12, 13, 14, 15, 16, 17, 18, 19, 20, 21, 22, 23]",heuristic,0.0,2.9,0.0,1.0,1.0,-0.0900,178.9200,0.0000,0.7,0.3
1791085557.6366596,32956,Heavy,E-core,"[12, 13, 14, 15, 16, 17, 18, 19, 20, 21, 22, 23]",heuristic,0.0,93.3,0.0,1.1,1.0,-0.0900,178.9200,0.0000,0.7,0.3
1791085557.6366596,45196,Heavy,E-core,"[12, 13, 14, 15, 16, 17, 18, 19, 20, 21, 22, 23]",heuristic,0.0,276.0,0.0,1.1,1.0,-0.0900,178.9200,0.0000,0.7,0.3
1791085557.6366596,40340,Light,E-core,"[12, 13, 14, 15, 16, 17, 18, 19, 20, 21, 22, 23]",heuristic,0.0,2.8,0.0,1.1,1.0,-0.0900,178.9200,0.0000,0.7,0.3
1791085557.6366596,45368,Light,E-core,"[12, 13, 14, 15, 16, 17, 18, 19, 20, 21, 22, 23]",heuristic,0.0,1.9,0.0,1.1,1.0,-0.0900,178.9200,0.0000,0.7,0.3
1791085558.676512,32956,Heavy,E-core,"[12, 13, 14, 15, 16, 17, 18, 19, 20, 21, 22, 23]",heuristic,0.0,156.8,0.0,1.0,1.0,-0.0900,0.0000,0.0000,0.7,0.3
1791085558.676512,45196,Heavy,E-core,"[12, 13, 14, 15, 16, 17, 18, 19, 20, 21, 22, 23]",heuristic,0.0,458.7,0.0,1.0,1.0,-0.0900,0.0000,0.0000,0.7,0.3
1791085558.676512,40340,Light,E-core,"[12, 13, 14, 15, 16, 17, 18, 19, 20, 21, 22, 23]",heuristic,0.0,2.9,0.0,1.0,1.0,-0.0900,0.0000,0.0000,0.7,0.3
1791085558.676512,45368,Light,E-core,"[12, 13, 14, 15, 16, 17, 18, 19, 20, 21, 22, 23]",heuristic,0.0,1.9,0.0,1.0,1.0,-0.0900,0.0000,0.0000,0.7,0.3
1791085559.7186892,32956,Heavy,E-core,"[12, 13, 14, 15, 16, 17, 18, 19, 20, 21, 22, 23]",heuristic,0.0,196.7,0.0,1.0,1.0,-0.0900,0.0000,0.0000,0.7,0.3
1791085559.7186892,45196,Heavy,E-core,"[12, 13, 14, 15, 16, 17, 18, 19, 20, 21, 22, 23]",heuristic,0.0,465.4,0.0,1.0,1.0,-0.0900,0.0000,0.0000,0.7,0.3
1791085559.7186892,40340,Light,E-core,"[12, 13, 14, 15, 16, 17, 18, 19, 20, 21, 22, 23]",heuristic,0.0,1.9,0.0,1.0,1.0,-0.0900,0.0000,0.0000,0.7,0.3
1791085559.7186892,45368,Light,E-core,"[12, 13, 14, 15, 16, 17, 18, 19, 20, 21, 22, 23]",heuristic,0.0,2.9,0.0,1.0,1.0,-0.0900,0.0000,0.0000,0.7,0.3
