timestamp,pid,true_type,action,assigned_cores,decision_source,cpu_percent,vol_ctx_rate,invol_ctx_rate,time_since_switch,current_core_assignment,reward,cumulative_regret,confidence_ucb,alpha_param,beta_param
1791085536.9400704,28764,Heavy,P-core,"[0, 1, 2, 3, 4, 5, 6, 7, 8, 9, 10, 11]",bandit,0.0,345.8,0.0,1.0,1.0,-0.0900,170.7300,0.1119,0.7,0.3
1791085536.9400704,15888,Heavy,E-core,"[12, 13, 14, 15, 16, 17, 18, 19, 20, 21, 22, 23]",bandit,0.0,761.5,0.0,1.0,0.0,-0.3000,170.9400,0.0149,0.7,0.3
1791085536.9400704,29840,Light,E-core,"[12, 13, 14, 15, 16, 17, 18, 19, 20, 21, 22, 23]",bandit,0.0,2.9,0.0,1.0,0.0,-0.3000,171.1500,0.0152,0.7,0.3
1791085536.9400704,43824,Light,E-core,"[12, 13, 14, 15, 16, 17, 18, 19, 20, 21, 22, 23]",bandit,0.0,4.9,0.0,1.0,0.0,-0.3000,171.3600,0.0151,0.7,0.3
1791085537.968457,28764,Heavy,P-core,"[0, 1, 2, 3, 4, 5, 6, 7, 8, 9, 10, 11]",bandit,0.0,884.9,0.0,1.0,0.0,-0.3000,171.5700,0.0265,0.7,0.3
1791085537.968457,15888,Heavy,P-core,"[0, 1, 2, 3, 4, 5, 6, 7, 8, 9, 10, 11]",bandit,0.0,402.6,0.0,1.0,1.0,-0.0900,171.5700,0.1116,0.7,0.3
1791085537.968457,29840,Light,P-core,"[0, 1, 2, 3, 4, 5, 6, 7, 8, 9, 10, 11]",bandit,0.0,4.9,0.0,1.0,1.0,-0.0900,171.5700,0.1260,0.7,0.3
1791085537.968457,43824,Light,P-core,"[0, 1, 2, 3, 4, 5, 6, 7, 8, 9, 10, 11]",bandit,0.0,2.9,0.0,1.0,1.0,-0.0900,171.5700,0.1261,0.7,0.3
1791085538.9950526,28764,Heavy,E-core,"[12, 13, 14, 15, 16, 17, 18, 19, 20, 21, 22, 23]",bandit,0.0,753.0,0.0,1.0,0.0,-0.3000,171.7800,0.0149,0.7,0.3
1791085538.9950526,15888,Heavy,E-core,"[12, 13, 14, 15, 16, 17, 18, 19, 20, 21, 22, 23]",bandit,0.0,663.4,0.0,1.0,0.0,-0.3000,171.9900,0.0149,0.7,0.3
1791085538.9950526,29840,Light,P-core,"[0, 1, 2, 3, 4, 5, 6, 7, 8, 9, 10, 11]",bandit,0.0,5.8,0.0,1.0,0.0,-0.3000,172.2000,0.0161,0.7,0.3
1791085538.9950526,43824,Light,P-core,"[0, 1, 2, 3, 4, 5, 6, 7, 8, 9, 10, 11]",bandit,0.0,11.7,0.0,1.0,0.0,-0.3000,172.4100,0.0157,0.7,0.3
1791085540.0247629,28764,Heavy,P-core,"[0, 1, 2, 3, 4, 5, 6, 7, 8, 9, 10, 11]",bandit,0.0,503.1,0.0,1.0,1.0,-0.0900,172.4100,0.1138,0.7,0.3
1791085540.0247629,15888,Heavy,P-core,"[0, 1, 2, 3, 4, 5, 6, 7, 8, 9, 10, 11]",bandit,0.0,320.5,0.0,1.0,1.0,-0.0900,172.4100,0.1096,0.7,0.3
1791085540.0247629,29840,Light,P-core,"[0, 1, 2, 3, 4, 5, 6, 7, 8, 9, 10, 11]",bandit,0.0,4.9,0.0,1.0,0.0,-0.3000,172.6200,0.0159,0.7,0.3
1791085540.0247629,43824,Light,P-core,"[0, 1, 2, 3, 4, 5, 6, 7, 8, 9, 10, 11]",bandit,0.0,2.9,0.0,1.0,0.0,-0.3000,172.8300,0.0156,0.7,0.3
1791085541.053489,28764,Heavy,P-core,"[0, 1, 2, 3, 4, 5, 6, 7, 8, 9, 10, 11]",bandit,0.0,790.3,0.0,1.0,0.0,-0.3000,173.0400,0.0191,0.7,0.3
1791085541.053489,15888,Heavy,P-core,"[0, 1, 2, 3, 4, 5, 6, 7, 8, 9, 10, 11]",bandit,0.0,812.7,0.0,1.0,0.0,-0.3000,173.2500,0.0212,0.7,0.3
1791085541.053489,29840,Light,P-core,"[0, 1, 2, 3, 4, 5, 6, 7, 8, 9, 10, 11]",bandit,0.0,5.8,0.0,1.0,0.0,-0.3000,173.4600,0.0158,0.7,0.3
1791085541.053489,43824,Light,E-core,"[12, 13, 14, 15, 16, 17, 18, 19, 20, 21, 22, 23]",bandit,0.0,13.6,0.0,1.0,0.0,-0.3000,173.6700,0.0147,0.7,0.3
1791085542.08155,28764,Heavy,P-core,"[0, 1, 2, 3, 4, 5, 6, 7, 8, 9, 10, 11]",bandit,0.0,802.5,0.0,1.0,0.0,-0.3000,173.8800,0.0197,0.7,0.3
1791085542.08155,15888,Heavy,E-core,"[12, 13, 14, 15, 16, 17, 18, 19, 20, 21, 22, 23]",bandit,0.0,725.6,0.0,1.0,0.0,-0.3000,174.0900,0.0145,0.7,0.3
1791085542.08155,29840,Light,P-core,"[0, 1, 2, 3, 4, 5, 6, 7, 8, 9, 10, 11]",bandit,0.0,6.8,0.0,1.0,0.0,-0.3000,174.3000,0.0149,0.7,0.3
1791085542.08155,43824,Light,P-core,"[0, 1, 2, 3, 4, 5, 6, 7, 8, 9, 10, 11]",bandit,0.0,2.9,0.0,1.0,1.0,-0.0900,174.3000,0.1259,0.7,0.3
1791085543.1085975,28764,Heavy,P-core,"[0, 1, 2, 3, 4, 5, 6, 7, 8, 9, 10, 11]",bandit,0.0,895.8,0.0,1.0,0.0,-0.3000,174.5100,0.0263,0.7,0.3
1791085543.1085975,15888,Heavy,P-core,"[0, 1, 2, 3, 4, 5, 6, 7, 8, 9, 10, 11]",bandit,0.0,396.3,0.0,1.0,1.0,-0.0900,174.5100,0.1115,0.7,0.3
1791085543.1085975,29840,Light,P-core,"[0, 1, 2, 3, 4, 5, 6, 7, 8, 9, 10, 11]",bandit,0.0,4.9,0.0,1.0,0.0,-0.3000,174.7200,0.0146,0.7,0.3
1791085543.1085975,43824,Light,P-core,"[0, 1, 2, 3, 4, 5, 6, 7, 8, 9, 10, 11]",bandit,0.0,2.9,0.0,1.0,0.0,-0.3000,174.9300,0.0150,0.7,0.3
1791085544.1386194,28764,Heavy,E-core,"[12, 13, 14, 15, 16, 17, 18, 19, 20, 21, 22, 23]",bandit,0.0,661.2,0.0,1.0,0.0,-0.3000,175.1400,0.0142,0.7,0.3
1791085544.1386194,15888,Heavy,E-core,"[12, 13, 14, 15, 16, 17, 18, 19, 20, 21, 22, 23]",bandit,0.0,734.0,0.0,1.0,0.0,-0.3000,175.3500,0.0142,0.7,0.3
1791085544.1386194,29840,Light,P-core,"[0, 1, 2, 3, 4, 5, 6, 7, 8, 9, 10, 11]",bandit,0.0,1.0,0.0,1.0,0.0,-0.3000,175.5600,0.0154,0.7,0.3
1791085544.1386194,43824,Light,P-core,"[0, 1, 2, 3, 4, 5, 6, 7, 8, 9, 10, 11]",bandit,0.0,1.9,0.0,1.0,0.0,-0.3000,175.7700,0.0148,0.7,0.3
1791085545.1685095,28764,Heavy,P-core,"[0, 1, 2, 3, 4, 5, 6, 7, 8, 9, 10, 11]",bandit,0.0,345.7,0.0,1.0,1.0,-0.0900,175.7700,0.1113,0.7,0.3
1791085545.1685095,15888,Heavy,P-core,"[0, 1, 2, 3, 4, 5, 6, 7, 8, 9, 10, 11]",bandit,0.0,336.0,0.0,1.0,1.0,-0.0900,175.7700,0.1112,0.7,0.3
1791085545.1685095,29840,Light,P-core,"[0, 1, 2, 3, 4, 5, 6, 7, 8, 9, 10, 11]",bandit,0.0,2.9,0.0,1.0,0.0,-0.3000,175.9800,0.0142,0.7,0.3
1791085545.1685095,43824,Light,E-core,"[12, 13, 14, 15, 16, 17, 18, 19, 20, 21, 22, 23]",bandit,0.0,21.4,0.0,1.0,0.0,-0.3000,176.1900,0.0142,0.7,0.3
1791085546.1981351,28764,Heavy,P-core,"[0, 1, 2, 3, 4, 5, 6, 7, 8, 9, 10, 11]",bandit,0.0,787.7,0.0,1.0,0.0,-0.3000,176.4000,0.0175,0.7,0.3
1791085546.1981351,15888,Heavy,P-core,"[0, 1, 2, 3, 4, 5, 6, 7, 8, 9, 10, 11]",bandit,0.0,799.3,0.0,1.0,0.0,-0.3000,176.6100,0.0187,0.7,0.3
1791085546.1981351,29840,Light,E-core,"[12, 13, 14, 15, 16, 17, 18, 19, 20, 21, 22, 23]",bandit,0.0,7.8,0.0,1.0,0.0,-0.3000,176.8200,0.0142,0.7,0.3
1791085546.1981351,43824,Light,P-core,"[0, 1, 2, 3, 4, 5, 6, 7, 8, 9, 10, 11]",bandit,0.0,2.9,0.0,1.0,1.0,-0.0900,176.8200,0.1260,0.7,0.3
1791085547.2413263,28764,Heavy,P-core,"[0, 1, 2, 3, 4, 5, 6, 7, 8, 9, 10, 11]",bandit,0.0,973.0,0.0,1.0,0.0,-0.3000,177.0300,0.0346,0.7,0.3
1791085547.2413263,15888,Heavy,P-core,"[0, 1, 2, 3, 4, 5, 6, 7, 8, 9, 10, 11]",bandit,0.0,906.8,0.0,1.0,0.0,-0.3000,177.2400,0.0275,0.7,0.3
1791085547.2413263,29840,Light,P-core,"[0, 1, 2, 3, 4, 5, 6, 7, 8, 9, 10, 11]",bandit,0.0,2.9,0.0,1.0,1.0,-0.0900,177.2400,0.1283,0.7,0.3
1791085547.2413263,43824,Light,P-core,"[0, 1, 2, 3, 4, 5, 6, 7, 8, 9, 10, 11]",bandit,0.0,7.7,0.0,1.0,0.0,-0.3000,177.4500,0.0149,0.7,0.3
1791085548.2869923,28764,Heavy,E-core,"[12, 13, 14, 15, 16, 17, 18, 19, 20, 21, 22, 23]",bandit,0.0,688.6,0.0,1.0,0.0,-0.3000,177.6600,0.0136,0.7,0.3
1791085548.2869923,15888,Heavy,P-core,"[0, 1, 2, 3, 4, 5, 6, 7, 8, 9, 10, 11]",bandit,0.0,785.1,0.0,1.0,0.0,-0.3000,177.8700,0.0159,0.7,0.3
1791085548.2869923,29840,Light,P-core,"[0, 1, 2, 3, 4, 5, 6, 7, 8, 9, 10, 11]",bandit,0.0,3.8,0.0,1.0,0.0,-0.3000,178.0800,0.0160,0.7,0.3
1791085548.2869923,43824,Light,P-core,"[0, 1, 2, 3, 4, 5, 6, 7, 8, 9, 10, 11]",bandit,0.0,2.9,0.0,1.0,0.0,-0.3000,178.2900,0.0156,0.7,0.3
1791085549.3159075,28764,Heavy,P-core,"[0, 1, 2, 3, 4, 5, 6, 7, 8, 9, 10, 11]",bandit,0.0,504.4,0.0,1.0,1.0,-0.0900,178.2900,0.1156,0.7,0.3
1791085549.3159075,15888,Heavy,P-core,"[0, 1, 2, 3, 4, 5, 6, 7, 8, 9, 10, 11]",bandit,0.0,1220.7,0.0,1.0,0.0,-0.3000,178.5000,0.0550,0.7,0.3
1791085549.3159075,29840,Light,E-core,"[12, 13, 14, 15, 16, 17, 18, 19, 20, 21, 22, 23]",bandit,0.0,5.8,0.0,1.0,0.0,-0.3000,178.7100,0.0139,0.7,0.3
1791085549.3159075,43824,Light,E-core,"[12, 13, 14, 15, 16, 17, 18, 19, 20, 21, 22, 23]",bandit,0.0,5.8,0.0,1.0,0.0,-0.3000,178.9200,0.0139,0.7,0.3
1791085550.825047,32956,Heavy,E-core,"[12, 13, 14, 15, 16, 17, 18, 19, 20, 21, 22, 23]",heuristic,0.0,462.2,0.0,1.1,0.0,0.0000,0.0000,0.0000,0.7,0.3
1791085550.825047,45196,Heavy,E-core,"[12, 13, 14, 15, 16, 17, 18, 19, 20, 21, 22, 23]",heuristic,0.0,459.4,0.0,1.1,0.0,0.0000,0.0000,0.0000,0.7,0.3
1791085550.825047,40340,Light,E-core,"[12, 13, 14, 15, 16, 17, 18, 19, 20, 21, 22, 23]",heuristic,0.0,135.1,0.0,1.1,0.0,0.0000,0.0000,0.0000,0.7,0.3
1791085550.825047,45368,Light,E-core,"[12, 13, 14, 15, 16, 17, 18, 19, 20, 21, 22, 23]",heuristic,0.0,148.2,0.0,1.1,0.0,0.0000,0.0000,0.0000,0.7,0.3
1791085551.385552,32956,Heavy,E-core,"[12, 13, 14, 15, 16, 17, 18, 19, 20, 21, 22, 23]",heuristic,0.0,250.7,0.0,1.0,1.0,0.0000,178.9200,0.0000,0.7,0.3
1791085551.385552,45196,Heavy,E-core,"[12, 13, 14, 15, 16, 17, 18, 19, 20, 21, 22, 23]",heuristic,0.0,321.4,0.0,1.0,1.0,0.0000,178.9200,0.0000,0.7,0.3
1791085551.385552,40340,Light,E-core,"[12, 13, 14, 15, 16, 17, 18, 19, 20, 21, 22, 23]",heuristic,0.0,1.9,0.0,1.0,1.0,0.0000,178.9200,0.0000,0.7,0.3
1791085551.385552,45368,Light,E-core,"[12, 13, 14, 15, 16, 17, 18, 19, 20, 21, 22, 23]",heuristic,0.0,2.9,0.0,1.0,1.0,0.0000,178.9200,0.0000,0.7,0.3
1791085551.861346,32956,Heavy,E-core,"[12, 13, 14, 15, 16, 17, 18, 19, 20, 21, 22, 23]",heuristic,0.0,101.3,0.0,1.0,1.0,-0.0900,0.0000,0.0000,0.7,0.3
1791085551.861346,45196,Heavy,E-core,"[12, 13, 14, 15, 16, 17, 18, 19, 20, 21, 22, 23]",heuristic,0.0,276.0,0.0,1.0,1.0,-0.0900,0.0000,0.0000,0.7,0.3
1791085551.861346,40340,Light,E-core,"[12, 13, 14, 15, 16, 17, 18, 19, 20, 21, 22, 23]",heuristic,0.0,2.9,0.0,1.0,1.0,-0.0900,0.0000,0.0000,0.7,0.3
1791085551.861346,45368,Light,E-core,"[12, 13, 14, 15, 16, 17, 18, 19, 20, 21, 22, 23]",heuristic,0.0,2.9,0.0,1.0,1.0,-0.0900,0.0000,0.0000,0.7,0.3
1791085552.4249685,32956,Heavy,E-core,"[12, 13, 14, 15, 16, 17, 18, 19, 20, 21, 22, 23]",heuristic,0.0,111.6,0.0,1.0,1.0,-0.0900,178.9200,0.0000,0.7,0.3
1791085552.4249685,45196,Heavy,E-core,"[12, 13, 14, 15, 16, 17, 18, 19, 20, 21, 22, 23]",heuristic,0.0,331.9,0.0,1.0,1.0,-0.0900,178.9200,0.0000,0.7,0.3
1791085552.4249685,40340,Light,E-core,"[12, 13, 14, 15, 16, 17, 18, 19, 20, 21, 22, 23]",heuristic,0.0,1.9,0.0,1.0,1.0,-0.0900,178.9200,0.0000,0.7,0.3
1791085552.4249685,45368,Light,E-core,"[12, 13, 14, 15, 16, 17, 18, 19, 20, 21, 22, 23]",heuristic,0.0,2.9,0.0,1.0,1.0,-0.0900,178.9200,0.0000,0.7,0.3
1791085552.9120104,32956,Heavy,E-core,"[12, 13, 14, 15, 16, 17, 18, 19, 20, 21, 22, 23]",heuristic,0.0,241.8,0.0,1.1,1.0,-0.0900,0.0000,0.0000,0.7,0.3
1791085552.9120104,45196,Heavy,E-core,"[12, 13, 14, 15, 16, 17, 18, 19, 20, 21, 22, 23]",heuristic,0.0,302.7,0.0,1.1,1.0,-0.0900,0.0000,0.0000,0.7,0.3
1791085552.9120104,40340,Light,E-core,"[12, 13, 14, 15, 16, 17, 18, 19, 20, 21, 22, 23]",heuristic,0.0,4.8,0.0,1.1,1.0,-0.0900,0.0000,0.0000,0.7,0.3
1791085552.9120104,45368,Light,E-core,"[12, 13, 14, 15, 16, 17, 18, 19, 20, 21, 22, 23]",heuristic,0.0,2.9,0.0,1.1,1.0,-0.0900,0.0000,0.0000,0.7,0.3
1791085553.4631188,32956,Heavy,E-core,"[12, 13, 14, 15, 16, 17, 18, 19, 20, 21, 22, 23]",heuristic,0.0,336.2,0.0,1.0,1.0,-0.0900,178.9200,0.0000,0.7,0.3
1791085553.4631188,45196,Heavy,E-core,"[12, 13, 14, 15, 16, 17, 18, 19, 20, 21, 22, 23]",heuristic,0.0,160.9,0.0,1.0,1.0,-0.0900,178.9200,0.0000,0.7,0.3
1791085553.4631188,40340,Light,E-core,"[12, 13, 14, 15, 16, 17, 18, 19, 20, 21, 22, 23]",heuristic,0.0,6.7,0.0,1.0,1.0,-0.0900,178.9200,0.0000,0.7,0.3
1791085553.4631188,45368,Light,E-core,"[12, 13, 14, 15, 16, 17, 18, 19, 20, 21, 22, 23]",heuristic,0.0,2.9,0.0,1.0,1.0,-0.0900,178.9200,0.0000,0.7,0.3
1791085553.9569712,32956,Heavy,E-core,"[12, 13, 14, 15, 16, 17, 18, 19, 20, 21, 22, 23]",heuristic,0.0,310.1,0.0,1.0,1.0,-0.0900,0.0000,0.0000,0.7,0.3
1791085553.9569712,45196,Heavy,E-core,"[12, 13, 14, 15, 16, 17, 18, 19, 20, 21, 22, 23]",heuristic,0.0,96.7,0.0,1.0,1.0,-0.0900,0.0000,0.0000,0.7,0.3
1791085553.9569712,40340,Light,E-core,"[12, 13, 14, 15, 16, 17, 18, 19, 20, 21, 22, 23]",heuristic,0.0,4.8,0.0,1.0,1.0,-0.0900,0.0000,0.0000,0.7,0.3
1791085553.9569712,45368,Light,E-core,"[12, 13, 14, 15, 16, 17, 18, 19, 20, 21, 22, 23]",heuristic,0.0,2.9,0.0,1.0,1.0,-0.0900,0.0000,0.0000,0.7,0.3
1791085554.4979506,32956,Heavy,E-core,"[12, 13, 14, 15, 16, 17, 18, 19, 20, 21, 22, 23]",heuristic,0.0,300.5,0.0,1.0,1.0,-0.0900,178.9200,0.0000,0.7,0.3
1791085554.4979506,45196,Heavy,E-core,"[12, 13, 14, 15, 16, 17, 18, 19, 20, 21, 22, 23]",heuristic,0.0,109.2,0.0,1.0,1.0,-0.0900,178.9200,0.0000,0.7,0.3
1791085554.4979506,40340,Light,E-core,"[12, 13, 14, 15, 16, 17, 18, 19, 20, 21, 22, 23]",heuristic,0.0,2.9,0.0,1.0,1.0,-0.0900,178.9200,0.0000,0.7,0.3
1791085554.4979506,45368,Light,E-core,"[12, 13, 14, 15, 16, 17, 18, 19, 20, 21, 22, 23]",heuristic,0.0,3.9,0.0,1.0,1.0,-0.0900,178.9200,0.0000,0.7,0.3
1791085555.0030715,32956,Heavy,E-core,"[12, 13, 14, 15, 16, 17, 18, 19, 20, 21, 22, 23]",heuristic,0.0,278.2,0.0,1.0,1.0,-0.0900,0.0000,0.0000,0.7,0.3
1791085555.0030715,45196,Heavy,E-core,"[12, 13, 14, 15, 16, 17, 18, 19, 20, 21, 22, 23]",heuristic,0.0,109.9,0.0,1.0,1.0,-0.0900,0.0000,0.0000,0.7,0.3
1791085555.0030715,40340,Light,E-core,"[12, 13, 14, 15, 16, 17, 18, 19, 20, 21, 22, 23]",heuristic,0.0,1.9,0.0,1.0,1.0,-0.0900,0.0000,0.0000,0.7,0.3
1791085555.0030715,45368,Light,E-core,"[12, 13, 14, 15, 16, 17, 18, 19, 20, 21, 22, 23]",heuristic,0.0,2.9,0.0,1.0,1.0,-0.0900,0.0000,0.0000,0.7,0.3
1791085555.5306127,32956,Heavy,E-core,"[12, 13, 14, 15, 16, 17, 18, 19, 20, 21, 22, 23]",heuristic,0.0,261.5,0.0,1.0,1.0,-0.0900,178.9200,0.0000,0.7,0.3
1791085555.5306127,45196,Heavy,E-core,"[12, 13, 14, 15, 16, 17, 18, 19, 20, 21, 22, 23]",heuristic,0.0,89.1,0.0,1.0,1.0,-0.0900,178.9200,0.0000,0.7,0.3
1791085555.5306127,40340,Light,E-core,"[12, 13, 14, 15, 16, 17, 18, 19, 20, 21, 22, 23]",heuristic,0.0,1.9,0.0,1.0,1.0,-0.0900,178.9200,0.0000,0.7,0.3
1791085555.5306127,45368,Light,E-core,"[12, 13, 14, 15, 16, 17, 18, 19, 20, 21, 22, 23]",heuristic,0.0,1.9,0.0,1.0,1.0,-0.0900,178.9200,0.0000,0.7,0.3
1791085556.5643663,32956,Heavy,E-core,"[12, 13, 14, 15, 16, 17, 18, 19, 20, 21, 22, 23]",heuristic,0.0,323.1,0.0,1.0,1.0,-0.0900,178.9200,0.0000,0.7,0.3
1791085556.5643663,45196,Heavy,E-core,"[12, 13, 14, 15, 16, 17, 18, 19, 20, 21, 22, 23]",heuristic,0.0,159.6,0.0,1.0,1.0,-0.0900,178.9200,0.0000,0.7,0.3
1791085556.5643663,40340,Light,E-core,"[12, 13, 14, 15, 16, 17, 18, 19, 20, 21, 22, 23]",heuristic,0.0,2.9,0.0,1.0,1.0,-0.0900,178.9200,0.0000,0.7,0.3
1791085556.5643663,45368,Light,E-core,"[12, 13, 14, 15, 16, 17, 18, 19, 20, 21, 22, 23]",heuristic,0.0,2.9,0.0,1.0,1.0,-0.0900,178.9200,0.0000,0.7,0.3
1791085557.6366596,32956,Heavy,E-core,"[12, 13, 14, 15, 16, 17, 18, 19, 20, 21, 22, 23]",heuristic,0.0,93.3,0.0,1.1,1.0,-0.0900,178.9200,0.0000,0.7,0.3
1791085557.6366596,45196,Heavy,E-core,"[12, 13, 14, 15, 16, 17, 18, 19, 20, 21, 22, 23]",heuristic,0.0,276.0,0.0,1.1,1.0,-0.0900,178.9200,0.0000,0.7,0.3
1791085557.6366596,40340,Light,E-core,"[12, 13, 14, 15, 16, 17, 18, 19, 20, 21, 22, 23]",heuristic,0.0,2.8,0.0,1.1,1.0,-0.0900,178.9200,0.0000,0.7,0.3
1791085557.6366596,45368,Light,E-core,"[12, 13, 14, 15, 16, 17, 18, 19, 20, 21, 22, 23]",heuristic,0.0,1.9,0.0,1.1,1.0,-0.0900,178.9200,0.0000,0.7,0.3
1791085558.676512,32956,Heavy,E-core,"[12, 13, 14, 15, 16, 17, 18, 19, 20, 21, 22, 23]",heuristic,0.0,156.8,0.0,1.0,1.0,-0.0900,0.0000,0.0000,0.7,0.3
1791085558.676512,45196,Heavy,E-core,"[12, 13, 14, 15, 16, 17, 18, 19, 20, 21, 22, 23]",heuristic,0.0,458.7,0.0,1.0,1.0,-0.0900,0.0000,0.0000,0.7,0.3
1791085558.676512,40340,Light,E-core,"[12, 13, 14, 15, 16, 17, 18, 19, 20, 21, 22, 23]",heuristic,0.0,2.9,0.0,1.0,1.0,-0.0900,0.0000,0.0000,0.7,0.3
1791085558.676512,45368,Light,E-core,"[12, 13, 14, 15, 16, 17, 18, 19, 20, 21, 22, 23]",heuristic,0.0,1.9,0.0,1.0,1.0,-0.0900,0.0000,0.0000,0.7,0.3
1791085559.7182355,32956,Heavy,E-core,"[12, 13, 14, 15, 16, 17, 18, 19, 20, 21, 22, 23]",heuristic,0.0,197.0,0.0,1.0,1.0,-0.0900,178.9200,0.0000,0.7,0.3
1791085559.7182355,45196,Heavy,E-core,"[12, 13, 14, 15, 16, 17, 18, 19, 20, 21, 22, 23]",heuristic,0.0,466.0,0.0,1.0,1.0,-0.0900,178.9200,0.0000,0.7,0.3
1791085559.7182355,40340,Light,E-core,"[12, 13, 14, 15, 16, 17, 18, 19, 20, 21, 22, 23]",heuristic,0.0,1.9,0.0,1.0,1.0,-0.0900,178.9200,0.0000,0.7,0.3
1791085559.7182355,45368,Light,E-core,"[12, 13, 14, 15, 16, 17, 18, 19, 20, 21, 22, 23]",heuristic,0.0,2.9,0.0,1.0,1.0,-0.0900,178.9200,0.0000,0.7,0.3
1791085560.7809892,32956,Heavy,E-core,"[12, 13, 14, 15, 16, 17, 18, 19, 20, 21, 22, 23]",heuristic,0.0,347.2,0.0,1.1,1.0,-0.0900,178.9200,0.0000,0.7,0.3
1791085560.7809892,45196,Heavy,E-core,"[12, 13, 14, 15, 16, 17, 18, 19, 20, 21, 22, 23]",heuristic,0.0,754.6,0.0,1.1,1.0,-0.0900,178.9200,0.0000,0.7,0.3
1791085560.7809892,40340,Light,E-core,"[12, 13, 14, 15, 16, 17, 18, 19, 20, 21, 22, 23]",heuristic,0.0,1.9,0.0,1.1,1.0,-0.0900,178.9200,0.0000,0.7,0.3
1791085560.7809892,45368,Light,E-core,"[12, 13, 14, 15, 16, 17, 18, 19, 20, 21, 22, 23]",heuristic,0.0,2.8,0.0,1.1,1.0,-0.0900,178.9200,0.0000,0.7,0.3
1791085561.828129,32956,Heavy,E-core,"[12, 13, 14, 15, 16, 17, 18, 19, 20, 21, 22, 23]",heuristic,0.0,429.7,0.0,1.0,1.0,-0.0900,178.9200,0.0000,0.7,0.3
1791085561.828129,45196,Heavy,E-core,"[12, 13, 14, 15, 16, 17, 18, 19, 20, 21, 22, 23]",heuristic,0.0,390.6,0.0,1.0,1.0,-0.0900,178.9200,0.0000,0.7,0.3
1791085561.828129,40340,Light,E-core,"[12, 13, 14, 15, 16, 17, 18, 19, 20, 21, 22, 23]",heuristic,0.0,10.5,0.0,1.0,1.0,-0.0900,178.9200,0.0000,0.7,0.3
1791085561.828129,45368,Light,E-core,"[12, 13, 14, 15, 16, 17, 18, 19, 20, 21, 22, 23]",heuristic,0.0,10.5,0.0,1.0,1.0,-0.0900,178.9200,0.0000,0.7,0.3
1791085562.8755026,32956,Heavy,E-core,"[12, 13, 14, 15, 16, 17, 18, 19, 20, 21, 22, 23]",heuristic,0.0,406.7,0.0,1.0,1.0,-0.0900,178.9200,0.0000,0.7,0.3
1791085562.8755026,45196,Heavy,E-core,"[12, 13, 14, 15, 16, 17, 18, 19, 20, 21, 22, 23]",heuristic,0.0,431.6,0.0,1.0,1.0,-0.0900,178.9200,0.0000,0.7,0.3
1791085562.8755026,40340,Light,E-core,"[12, 13, 14, 15, 16, 17, 18, 19, 20, 21, 22, 23]",heuristic,0.0,5.7,0.0,1.0,1.0,-0.0900,178.9200,0.0000,0.7,0.3
1791085562.8755026,45368,Light,E-core,"[12, 13, 14, 15, 16, 17, 18, 19, 20, 21, 22, 23]",heuristic,0.0,6.7,0.0,1.0,1.0,-0.0900,178.9200,0.0000,0.7,0.3
1791085563.9144666,32956,Heavy,E-core,"[12, 13, 14, 15, 16, 17, 18, 19, 20, 21, 22, 23]",heuristic,0.0,276.2,0.0,1.0,1.0,-0.0900,178.9200,0.0000,0.7,0.3
1791085563.9144666,45196,Heavy,E-core,"[12, 13, 14, 15, 16, 17, 18, 19, 20, 21, 22, 23]",heuristic,0.0,497.6,0.0,1.0,1.0,-0.0900,178.9200,0.0000,0.7,0.3
1791085563.9144666,40340,Light,E-core,"[12, 13, 14, 15, 16, 17, 18, 19, 20, 21, 22, 23]",heuristic,0.0,3.8,0.0,1.0,1.0,-0.0900,178.9200,0.0000,0.7,0.3
1791085563.9144666,45368,Light,E-core,"[12, 13, 14, 15, 16, 17, 18, 19, 20, 21, 22, 23]",heuristic,0.0,3.8,0.0,1.0,1.0,-0.0900,178.9200,0.0000,0.7,0.3
1791085564.952826,32956,Heavy,E-core,"[12, 13, 14, 15, 16, 17, 18, 19, 20, 21, 22, 23]",heuristic,0.0,588.4,0.0,1.0,1.0,-0.0900,178.9200,0.0000,0.7,0.3
1791085564.952826,45196,Heavy,E-core,"[12, 13, 14, 15, 16, 17, 18, 19, 20, 21, 22, 23]",heuristic,0.0,269.7,0.0,1.0,1.0,-0.0900,178.9200,0.0000,0.7,0.3
1791085564.952826,40340,Light,E-core,"[12, 13, 14, 15, 16, 17, 18, 19, 20, 21, 22, 23]",heuristic,0.0,7.7,0.0,1.0,1.0,-0.0900,178.9200,0.0000,0.7,0.3
1791085564.952826,45368,Light,E-core,"[12, 13, 14, 15, 16, 17, 18, 19, 20, 21, 22, 23]",heuristic,0.0,2.9,0.0,1.0,1.0,-0.0900,178.9200,0.0000,0.7,0.3
1791085566.0066206,32956,Heavy,E-core,"[12, 13, 14, 15, 16, 17, 18, 19, 20, 21, 22, 23]",heuristic,0.0,444.1,0.0,1.1,1.0,-0.0900,178.9200,0.0000,0.7,0.3
1791085566.0066206,45196,Heavy,E-core,"[12, 13, 14, 15, 16, 17, 18, 19, 20, 21, 22, 23]",heuristic,0.0,438.4,0.0,1.1,1.0,-0.0900,178.9200,0.0000,0.7,0.3
1791085566.0066206,40340,Light,E-core,"[12, 13, 14, 15, 16, 17, 18, 19, 20, 21, 22, 23]",heuristic,0.0,3.8,0.0,1.1,1.0,-0.0900,178.9200,0.0000,0.7,0.3
1791085566.0066206,45368,Light,E-core,"[12, 13, 14, 15, 16, 17, 18, 19, 20, 21, 22, 23]",heuristic,0.0,3.8,0.0,1.1,1.0,-0.0900,178.9200,0.0000,0.7,0.3
1791085567.047403,32956,Heavy,E-core,"[12, 13, 14, 15, 16, 17, 18, 19, 20, 21, 22, 23]",heuristic,0.0,531.3,0.0,1.0,1.0,-0.0900,178.9200,0.0000,0.7,0.3
1791085567.047403,45196,Heavy,E-core,"[12, 13, 14, 15, 16, 17, 18, 19, 20, 21, 22, 23]",heuristic,0.0,465.0,0.0,1.0,1.0,-0.0900,178.9200,0.0000,0.7,0.3
1791085567.047403,40340,Light,E-core,"[12, 13, 14, 15, 16, 17, 18, 19, 20, 21, 22, 23]",heuristic,0.0,7.7,0.0,1.0,1.0,-0.0900,178.9200,0.0000,0.7,0.3
1791085567.047403,45368,Light,E-core,"[12, 13, 14, 15, 16, 17, 18, 19, 20, 21, 22, 23]",heuristic,0.0,14.4,0.0,1.0,1.0,-0.0900,178.9200,0.0000,0.7,0.3
1791085568.0931792,32956,Heavy,E-core,"[12, 13, 14, 15, 16, 17, 18, 19, 20, 21, 22, 23]",heuristic,0.0,329.9,0.0,1.0,1.0,-0.0900,178.9200,0.0000,0.7,0.3
1791085568.0931792,45196,Heavy,E-core,"[12, 13, 14, 15, 16, 17, 18, 19, 20, 21, 22, 23]",heuristic,0.0,476.2,0.0,1.0,1.0,-0.0900,178.9200,0.0000,0.7,0.3
1791085568.0931792,40340,Light,E-core,"[12, 13, 14, 15, 16, 17, 18, 19, 20, 21, 22, 23]",heuristic,0.0,3.8,0.0,1.0,1.0,-0.0900,178.9200,0.0000,0.7,0.3
1791085568.0931792,45368,Light,E-core,"[12, 13, 14, 15, 16, 17, 18, 19, 20, 21, 22, 23]",heuristic,0.0,2.9,0.0,1.0,1.0,-0.0900,178.9200,0.0000,0.7,0.3
1791085569.133767,32956,Heavy,E-core,"[12, 13, 14, 15, 16, 17, 18, 19, 20, 21, 22, 23]",heuristic,0.0,421.9,0.0,1.0,1.0,-0.0900,178.9200,0.0000,0.7,0.3
1791085569.133767,45196,Heavy,E-core,"[12, 13, 14, 15, 16, 17, 18, 19, 20, 21, 22, 23]",heuristic,0.0,235.4,0.0,1.0,1.0,-0.0900,178.9200,0.0000,0.7,0.3
1791085569.133767,40340,Light,E-core,"[12, 13, 14, 15, 16, 17, 18, 19, 20, 21, 22, 23]",heuristic,0.0,2.9,0.0,1.0,1.0,-0.0900,178.9200,0.0000,0.7,0.3
1791085569.133767,45368,Light,E-core,"[12, 13, 14, 15, 16, 17, 18, 19, 20, 21, 22, 23]",heuristic,0.0,4.8,0.0,1.0,1.0,-0.0900,178.9200,0.0000,0.7,0.3
1791085570.1661937,32956,Heavy,E-core,"[12, 13, 14, 15, 16, 17, 18, 19, 20, 21, 22, 23]",heuristic,0.0,429.1,0.0,1.0,1.0,-0.0900,178.9200,0.0000,0.7,0.3
1791085570.1661937,45196,Heavy,E-core,"[12, 13, 14, 15, 16, 17, 18, 19, 20, 21, 22, 23]",heuristic,0.0,218.9,0.0,1.0,1.0,-0.0900,178.9200,0.0000,0.7,0.3
1791085570.1661937,40340,Light,E-core,"[12, 13, 14, 15, 16, 17, 18, 19, 20, 21, 22, 23]",heuristic,0.0,1.9,0.0,1.0,1.0,-0.0900,178.9200,0.0000,0.7,0.3
1791085570.1661937,45368,Light,E-core,"[12, 13, 14, 15, 16, 17, 18, 19, 20, 21, 22, 23]",heuristic,0.0,3.9,0.0,1.0,1.0,-0.0900,178.9200,0.0000,0.7,0.3
1791085571.2926326,32956,Heavy,E-core,"[12, 13, 14, 15, 16, 17, 18, 19, 20, 21, 22, 23]",heuristic,0.0,294.7,0.0,1.1,1.0,-0.0900,178.9200,0.0000,0.7,0.3
1791085571.2926326,45196,Heavy,E-core,"[12, 13, 14, 15, 16, 17, 18, 19, 20, 21, 22, 23]",heuristic,0.0,105.6,0.0,1.1,1.0,-0.0900,178.9200,0.0000,0.7,0.3
1791085571.2926326,40340,Light,E-core,"[12, 13, 14, 15, 16, 17, 18, 19, 20, 21, 22, 23]",heuristic,0.0,3.6,0.0,1.1,1.0,-0.0900,178.9200,0.0000,0.7,0.3
1791085571.2926326,45368,Light,E-core,"[12, 13, 14, 15, 16, 17, 18, 19, 20, 21, 22, 23]",heuristic,0.0,2.7,0.0,1.1,1.0,-0.0900,178.9200,0.0000,0.7,0.3
1791085572.325305,32956,Heavy,P-core,"[0, 1, 2, 3, 4, 5, 6, 7, 8, 9, 10, 11]",bandit,0.0,304.1,0.0,1.0,1.0,-0.0900,178.9200,0.1067,0.7,0.3
1791085572.325305,45196,Heavy,P-core,"[0, 1, 2, 3, 4, 5, 6, 7, 8, 9, 10, 11]",bandit,0.0,108.5,0.0,1.0,1.0,-0.0900,178.9200,0.1138,0.7,0.3
1791085572.325305,40340,Light,P-core,"[0, 1, 2, 3, 4, 5, 6, 7, 8, 9, 10, 11]",bandit,0.0,1.9,0.0,1.0,1.0,-0.0900,178.9200,0.1220,0.7,0.3
1791085572.325305,45368,Light,P-core,"[0, 1, 2, 3, 4, 5, 6, 7, 8, 9, 10, 11]",bandit,0.0,2.9,0.0,1.0,1.0,-0.0900,178.9200,0.1219,0.7,0.3
1791085573.3587048,32956,Heavy,E-core,"[12, 13, 14, 15, 16, 17, 18, 19, 20, 21, 22, 23]",bandit,0.0,632.9,0.0,1.0,0.0,-0.3000,179.1300,0.0240,0.7,0.3
1791085573.3587048,45196,Heavy,E-core,"[12, 13, 14, 15, 16, 17, 18, 19, 20, 21, 22, 23]",bandit,0.0,552.5,0.0,1.0,0.0,-0.3000,179.3400,0.0240,0.7,0.3
1791085573.3587048,40340,Light,E-core,"[12, 13, 14, 15, 16, 17, 18, 19, 20, 21, 22, 23]",bandit,0.0,2.9,0.0,1.0,0.0,-0.3000,179.5500,0.0242,0.7,0.3
1791085573.3587048,45368,Light,E-core,"[12, 13, 14, 15, 16, 17, 18, 19, 20, 21, 22, 23]",bandit,0.0,2.9,0.0,1.0,0.0,-0.3000,179.7600,0.0242,0.7,0.3
1791085574.3914313,32956,Heavy,P-core,"[0, 1, 2, 3, 4, 5, 6, 7, 8, 9, 10, 11]",bandit,0.0,157.8,0.0,1.0,1.0,-0.0900,179.7600,0.1089,0.7,0.3
1791085574.3914313,45196,Heavy,P-core,"[0, 1, 2, 3, 4, 5, 6, 7, 8, 9, 10, 11]",bandit,0.0,142.3,0.0,1.0,1.0,-0.0900,179.7600,0.1097,0.7,0.3
1791085574.3914313,40340,Light,P-core,"[0, 1, 2, 3, 4, 5, 6, 7, 8, 9, 10, 11]",bandit,0.0,2.9,0.0,1.0,1.0,-0.0900,179.7600,0.1197,0.7,0.3
1791085574.3914313,45368,Light,P-core,"[0, 1, 2, 3, 4, 5, 6, 7, 8, 9, 10, 11]",bandit,0.0,2.9,0.0,1.0,1.0,-0.0900,179.7600,0.1196,0.7,0.3
1791085575.4215288,32956,Heavy,P-core,"[0, 1, 2, 3, 4, 5, 6, 7, 8, 9, 10, 11]",bandit,0.0,1067.9,0.0,1.0,0.0,-0.3000,179.9700,0.0437,0.7,0.3
1791085575.4215288,45196,Heavy,E-core,"[12, 13, 14, 15, 16, 17, 18, 19, 20, 21, 22, 23]",bandit,0.0,755.3,0.0,1.0,0.0,-0.3000,180.1800,0.0238,0.7,0.3
1791085575.4215288,40340,Light,E-core,"[12, 13, 14, 15, 16, 17, 18, 19, 20, 21, 22, 23]",bandit,0.0,21.4,0.0,1.0,0.0,-0.3000,180.3900,0.0240,0.7,0.3
1791085575.4215288,45368,Light,E-core,"[12, 13, 14, 15, 16, 17, 18, 19, 20, 21, 22, 23]",bandit,0.0,2.9,0.0,1.0,0.0,-0.3000,180.6000,0.0240,0.7,0.3
1791085576.454607,32956,Heavy,E-core,"[12, 13, 14, 15, 16, 17, 18, 19, 20, 21, 22, 23]",bandit,0.0,544.0,0.0,1.0,0.0,-0.3000,180.8100,0.0236,0.7,0.3
1791085576.454607,45196,Heavy,P-core,"[0, 1, 2, 3, 4, 5, 6, 7, 8, 9, 10, 11]",bandit,0.0,206.2,0.0,1.0,1.0,-0.0900,180.8100,0.1053,0.7,0.3
1791085576.454607,40340,Light,P-core,"[0, 1, 2, 3, 4, 5, 6, 7, 8, 9, 10, 11]",bandit,0.0,2.9,0.0,1.0,1.0,-0.0900,180.8100,0.1180,0.7,0.3
1791085576.454607,45368,Light,P-core,"[0, 1, 2, 3, 4, 5, 6, 7, 8, 9, 10, 11]",bandit,0.0,2.9,0.0,1.0,1.0,-0.0900,180.8100,0.1179,0.7,0.3
1791085577.4905713,32956,Heavy,P-core,"[0, 1, 2, 3, 4, 5, 6, 7, 8, 9, 10, 11]",bandit,0.0,198.8,0.0,1.0,1.0,-0.0900,180.8100,0.1056,0.7,0.3
1791085577.4905713,45196,Heavy,E-core,"[12, 13, 14, 15, 16, 17, 18, 19, 20, 21, 22, 23]",bandit,0.0,523.2,0.0,1.0,0.0,-0.3000,181.0200,0.0232,0.7,0.3
1791085577.4905713,40340,Light,E-core,"[12, 13, 14, 15, 16, 17, 18, 19, 20, 21, 22, 23]",bandit,0.0,5.8,0.0,1.0,0.0,-0.3000,181.2300,0.0233,0.7,0.3
1791085577.4905713,45368,Light,E-core,"[12, 13, 14, 15, 16, 17, 18, 19, 20, 21, 22, 23]",bandit,0.0,2.9,0.0,1.0,0.0,-0.3000,181.4400,0.0233,0.7,0.3
1791085578.522499,32956,Heavy,E-core,"[12, 13, 14, 15, 16, 17, 18, 19, 20, 21, 22, 23]",bandit,0.0,563.0,0.0,1.0,0.0,-0.3000,181.6500,0.0233,0.7,0.3
1791085578.522499,45196,Heavy,P-core,"[0, 1, 2, 3, 4, 5, 6, 7, 8, 9, 10, 11]",bandit,0.0,340.1,0.0,1.0,1.0,-0.0900,181.6500,0.1020,0.7,0.3
1791085578.522499,40340,Light,P-core,"[0, 1, 2, 3, 4, 5, 6, 7, 8, 9, 10, 11]",bandit,0.0,2.9,0.0,1.0,1.0,-0.0900,181.6500,0.1156,0.7,0.3
1791085578.522499,45368,Light,P-core,"[0, 1, 2, 3, 4, 5, 6, 7, 8, 9, 10, 11]",bandit,0.0,2.9,0.0,1.0,1.0,-0.0900,181.6500,0.1156,0.7,0.3
1791085579.556744,32956,Heavy,P-core,"[0, 1, 2, 3, 4, 5, 6, 7, 8, 9, 10, 11]",bandit,0.0,238.8,0.0,1.0,1.0,-0.0900,181.6500,0.1025,0.7,0.3
1791085579.556744,45196,Heavy,E-core,"[12, 13, 14, 15, 16, 17, 18, 19, 20, 21, 22, 23]",bandit,0.0,628.5,0.0,1.0,0.0,-0.3000,181.8600,0.0228,0.7,0.3
1791085579.556744,40340,Light,E-core,"[12, 13, 14, 15, 16, 17, 18, 19, 20, 21, 22, 23]",bandit,0.0,4.8,0.0,1.0,0.0,-0.3000,182.0700,0.0230,0.7,0.3
1791085579.556744,45368,Light,E-core,"[12, 13, 14, 15, 16, 17, 18, 19, 20, 21, 22, 23]",bandit,0.0,2.9,0.0,1.0,0.0,-0.3000,182.2800,0.0230,0.7,0.3
1791085580.5903518,32956,Heavy,E-core,"[12, 13, 14, 15, 16, 17, 18, 19, 20, 21, 22, 23]",bandit,0.0,701.4,0.0,1.0,0.0,-0.3000,182.4900,0.0228,0.7,0.3
1791085580.5903518,45196,Heavy,P-core,"[0, 1, 2, 3, 4, 5, 6, 7, 8, 9, 10, 11]",bandit,0.0,313.5,0.0,1.0,1.0,-0.0900,182.4900,0.1003,0.7,0.3
1791085580.5903518,40340,Light,P-core,"[0, 1, 2, 3, 4, 5, 6, 7, 8, 9, 10, 11]",bandit,0.0,7.7,0.0,1.0,1.0,-0.0900,182.4900,0.1133,0.7,0.3
1791085580.5903518,45368,Light,P-core,"[0, 1, 2, 3, 4, 5, 6, 7, 8, 9, 10, 11]",bandit,0.0,7.7,0.0,1.0,1.0,-0.0900,182.4900,0.1133,0.7,0.3
1791085581.626393,32956,Heavy,P-core,"[0, 1, 2, 3, 4, 5, 6, 7, 8, 9, 10, 11]",bandit,0.0,325.3,0.0,1.0,1.0,-0.0900,182.4900,0.1004,0.7,0.3
1791085581.626393,45196,Heavy,E-core,"[12, 13, 14, 15, 16, 17, 18, 19, 20, 21, 22, 23]",bandit,0.0,726.8,0.0,1.0,0.0,-0.3000,182.7000,0.0224,0.7,0.3
1791085581.626393,40340,Light,E-core,"[12, 13, 14, 15, 16, 17, 18, 19, 20, 21, 22, 23]",bandit,0.0,9.7,0.0,1.0,0.0,-0.3000,182.9100,0.0226,0.7,0.3
1791085581.626393,45368,Light,E-core,"[12, 13, 14, 15, 16, 17, 18, 19, 20, 21, 22, 23]",bandit,0.0,2.9,0.0,1.0,0.0,-0.3000,183.1200,0.0226,0.7,0.3
1791085582.6595907,32956,Heavy,P-core,"[0, 1, 2, 3, 4, 5, 6, 7, 8, 9, 10, 11]",bandit,0.0,908.8,0.0,1.0,0.0,-0.3000,183.3300,0.0357,0.7,0.3
1791085582.6595907,45196,Heavy,P-core,"[0, 1, 2, 3, 4, 5, 6, 7, 8, 9, 10, 11]",bandit,0.0,249.7,0.0,1.0,1.0,-0.0900,183.3300,0.0989,0.7,0.3
1791085582.6595907,40340,Light,P-core,"[0, 1, 2, 3, 4, 5, 6, 7, 8, 9, 10, 11]",bandit,0.0,2.9,0.0,1.0,1.0,-0.0900,183.3300,0.1117,0.7,0.3
1791085582.6595907,45368,Light,P-core,"[0, 1, 2, 3, 4, 5, 6, 7, 8, 9, 10, 11]",bandit,0.0,2.9,0.0,1.0,1.0,-0.0900,183.3300,0.1117,0.7,0.3
1791085583.6960971,32956,Heavy,E-core,"[12, 13, 14, 15, 16, 17, 18, 19, 20, 21, 22, 23]",bandit,0.0,635.8,0.0,1.0,0.0,-0.3000,183.5400,0.0221,0.7,0.3
1791085583.6960971,45196,Heavy,E-core,"[12, 13, 14, 15, 16, 17, 18, 19, 20, 21, 22, 23]",bandit,0.0,584.7,0.0,1.0,0.0,-0.3000,183.7500,0.0221,0.7,0.3
1791085583.6960971,40340,Light,E-core,"[12, 13, 14, 15, 16, 17, 18, 19, 20, 21, 22, 23]",bandit,0.0,3.9,0.0,1.0,0.0,-0.3000,183.9600,0.0223,0.7,0.3
1791085583.6960971,45368,Light,E-core,"[12, 13, 14, 15, 16, 17, 18, 19, 20, 21, 22, 23]",bandit,0.0,2.9,0.0,1.0,0.0,-0.3000,184.1700,0.0223,0.7,0.3
1791085585.433301,37924,Heavy,E-core,"[12, 13, 14, 15, 16, 17, 18, 19, 20, 21, 22, 23]",heuristic,0.0,567.8,0.0,1.1,0.0,0.0000,0.0000,0.0000,0.7,0.3
1791085585.433301,36296,Heavy,E-core,"[12, 13, 14, 15, 16, 17, 18, 19, 20, 21, 22, 23]",heuristic,0.0,580.9,0.0,1.1,0.0,0.0000,0.0000,0.0000,0.7,0.3
1791085585.433301,35296,Light,E-core,"[12, 13, 14, 15, 16, 17, 18, 19, 20, 21, 22, 23]",heuristic,0.0,114.7,0.0,1.1,0.0,0.0000,0.0000,0.0000,0.7,0.3
1791085585.433301,45248,Light,E-core,"[12, 13, 14, 15, 16, 17, 18, 19, 20, 21, 22, 23]",heuristic,0.0,126.9,0.0,1.1,0.0,0.0000,0.0000,0.0000,0.7,0.3
1791085585.775551,37924,Heavy,E-core,"[12, 13, 14, 15, 16, 17, 18, 19, 20, 21, 22, 23]",heuristic,0.0,388.8,0.0,1.0,1.0,0.0000,184.1700,0.0000,0.7,0.3
1791085585.775551,36296,Heavy,E-core,"[12, 13, 14, 15, 16, 17, 18, 19, 20, 21, 22, 23]",heuristic,0.0,405.1,0.0,1.0,1.0,0.0000,184.1700,0.0000,0.7,0.3
1791085585.775551,35296,Light,E-core,"[12, 13, 14, 15, 16, 17, 18, 19, 20, 21, 22, 23]",heuristic,0.0,2.9,0.0,1.0,1.0,0.0000,184.1700,0.0000,0.7,0.3
1791085585.775551,45248,Light,E-core,"[12, 13, 14, 15, 16, 17, 18, 19, 20, 21, 22, 23]",heuristic,0.0,2.9,0.0,1.0,1.0,0.0000,184.1700,0.0000,0.7,0.3
1791085586.4752629,37924,Heavy,E-core,"[12, 13, 14, 15, 16, 17, 18, 19, 20, 21, 22, 23]",heuristic,0.0,318.6,0.0,1.0,1.0,-0.0900,0.0000,0.0000,0.7,0.3
1791085586.4752629,36296,Heavy,E-core,"[12, 13, 14, 15, 16, 17, 18, 19, 20, 21, 22, 23]",heuristic,0.0,298.5,0.0,1.0,1.0,-0.0900,0.0000,0.0000,0.7,0.3
1791085586.4752629,35296,Light,E-core,"[12, 13, 14, 15, 16, 17, 18, 19, 20, 21, 22, 23]",heuristic,0.0,2.9,0.0,1.0,1.0,-0.0900,0.0000,0.0000,0.7,0.3
1791085586.4752629,45248,Light,E-core,"[12, 13, 14, 15, 16, 17, 18, 19, 20, 21, 22, 23]",heuristic,0.0,2.9,0.0,1.0,1.0,-0.0900,0.0000,0.0000,0.7,0.3
1791085586.8282824,37924,Heavy,E-core,"[12, 13, 14, 15, 16, 17, 18, 19, 20, 21, 22, 23]",heuristic,0.0,431.3,0.0,1.1,1.0,-0.0900,184.1700,0.0000,0.7,0.3
1791085586.8282824,36296,Heavy,E-core,"[12, 13, 14, 15, 16, 17, 18, 19, 20, 21, 22, 23]",heuristic,0.0,312.5,0.0,1.1,1.0,-0.0900,184.1700,0.0000,0.7,0.3
1791085586.8282824,35296,Light,E-core,"[12, 13, 14, 15, 16, 17, 18, 19, 20, 21, 22, 23]",heuristic,0.0,8.5,0.0,1.1,1.0,-0.0900,184.1700,0.0000,0.7,0.3
1791085586.8282824,45248,Light,E-core,"[12, 13, 14, 15, 16, 17, 18, 19, 20, 21, 22, 23]",heuristic,0.0,8.5,0.0,1.1,1.0,-0.0900,184.1700,0.0000,0.7,0.3
1791085587.51056,37924,Heavy,E-core,"[12, 13, 14, 15, 16, 17, 18, 19, 20, 21, 22, 23]",heuristic,0.0,671.3,0.0,1.0,1.0,-0.0900,0.0000,0.0000,0.7,0.3
1791085587.51056,36296,Heavy,E-core,"[12, 13, 14, 15, 16, 17, 18, 19, 20, 21, 22, 23]",heuristic,0.0,195.1,0.0,1.0,1.0,-0.0900,0.0000,0.0000,0.7,0.3
1791085587.51056,35296,Light,E-core,"[12, 13, 14, 15, 16, 17, 18, 19, 20, 21, 22, 23]",heuristic,0.0,8.7,0.0,1.0,1.0,-0.0900,0.0000,0.0000,0.7,0.3
1791085587.51056,45248,Light,E-core,"[12, 13, 14, 15, 16, 17, 18, 19, 20, 21, 22, 23]",heuristic,0.0,8.7,0.0,1.0,1.0,-0.0900,0.0000,0.0000,0.7,0.3
1791085587.8868601,37924,Heavy,E-core,"[12, 13, 14, 15, 16, 17, 18, 19, 20, 21, 22, 23]",heuristic,0.0,661.3,0.0,1.1,1.0,-0.0900,184.1700,0.0000,0.7,0.3
1791085587.8868601,36296,Heavy,E-core,"[12, 13, 14, 15, 16, 17, 18, 19, 20, 21, 22, 23]",heuristic,0.0,159.6,0.0,1.1,1.0,-0.0900,184.1700,0.0000,0.7,0.3
1791085587.8868601,35296,Light,E-core,"[12, 13, 14, 15, 16, 17, 18, 19, 20, 21, 22, 23]",heuristic,0.0,2.8,0.0,1.1,1.0,-0.0900,184.1700,0.0000,0.7,0.3
1791085587.8868601,45248,Light,E-core,"[12, 13, 14, 15, 16, 17, 18, 19, 20, 21, 22, 23]",heuristic,0.0,2.8,0.0,1.1,1.0,-0.0900,184.1700,0.0000,0.7,0.3
1791085588.551598,37924,Heavy,E-core,"[12, 13, 14, 15, 16, 17, 18, 19, 20, 21, 22, 23]",heuristic,0.0,534.1,0.0,1.0,1.0,-0.0900,0.0000,0.0000,0.7,0.3
1791085588.551598,36296,Heavy,E-core,"[12, 13, 14, 15, 16, 17, 18, 19, 20, 21, 22, 23]",heuristic,0.0,96.1,0.0,1.0,1.0,-0.0900,0.0000,0.0000,0.7,0.3
1791085588.551598,35296,Light,E-core,"[12, 13, 14, 15, 16, 17, 18, 19, 20, 21, 22, 23]",heuristic,0.0,2.9,0.0,1.0,1.0,-0.0900,0.0000,0.0000,0.7,0.3
1791085588.551598,45248,Light,E-core,"[12, 13, 14, 15, 16, 17, 18, 19, 20, 21, 22, 23]",heuristic,0.0,2.9,0.0,1.0,1.0,-0.0900,0.0000,0.0000,0.7,0.3
1791085588.9363923,37924,Heavy,E-core,"[12, 13, 14, 15, 16, 17, 18, 19, 20, 21, 22, 23]",heuristic,0.0,640.3,0.0,1.0,1.0,-0.0900,184.1700,0.0000,0.7,0.3
1791085588.9363923,36296,Heavy,E-core,"[12, 13, 14, 15, 16, 17, 18, 19, 20, 21, 22, 23]",heuristic,0.0,64.8,0.0,1.0,1.0,-0.0900,184.1700,0.0000,0.7,0.3
1791085588.9363923,35296,Light,E-core,"[12, 13, 14, 15, 16, 17, 18, 19, 20, 21, 22, 23]",heuristic,0.0,2.9,0.0,1.0,1.0,-0.0900,184.1700,0.0000,0.7,0.3
1791085588.9363923,45248,Light,E-core,"[12, 13, 14, 15, 16, 17, 18, 19, 20, 21, 22, 23]",heuristic,0.0,2.9,0.0,1.0,1.0,-0.0900,184.1700,0.0000,0.7,0.3
1791085589.5845237,37924,Heavy,E-core,"[12, 13, 14, 15, 16, 17, 18, 19, 20, 21, 22, 23]",heuristic,0.0,407.6,0.0,1.0,1.0,-0.0900,0.0000,0.0000,0.7,0.3
1791085589.5845237,36296,Heavy,E-core,"[12, 13, 14, 15, 16, 17, 18, 19, 20, 21, 22, 23]",heuristic,0.0,102.6,0.0,1.0,1.0,-0.0900,0.0000,0.0000,0.7,0.3
1791085589.5845237,35296,Light,E-core,"[12, 13, 14, 15, 16, 17, 18, 19, 20, 21, 22, 23]",heuristic,0.0,2.9,0.0,1.0,1.0,-0.0900,0.0000,0.0000,0.7,0.3
1791085589.5845237,45248,Light,E-core,"[12, 13, 14, 15, 16, 17, 18, 19, 20, 21, 22, 23]",heuristic,0.0,2.9,0.0,1.0,1.0,-0.0900,0.0000,0.0000,0.7,0.3
1791085590.1658473,37924,Heavy,E-core,"[12, 13, 14, 15, 16, 17, 18, 19, 20, 21, 22, 23]",heuristic,0.0,127.7,0.0,1.2,1.0,-0.0900,184.1700,0.0000,0.7,0.3
1791085590.1658473,36296,Heavy,E-core,"[12, 13, 14, 15, 16, 17, 18, 19, 20, 21, 22, 23]",heuristic,0.0,107.4,0.0,1.2,1.0,-0.0900,184.1700,0.0000,0.7,0.3
1791085590.1658473,35296,Light,E-core,"[12, 13, 14, 15, 16, 17, 18, 19, 20, 21, 22, 23]",heuristic,0.0,5.7,0.0,1.2,1.0,-0.0900,184.1700,0.0000,0.7,0.3
1791085590.1658473,45248,Light,E-core,"[12, 13, 14, 15, 16, 17, 18, 19, 20, 21, 22, 23]",heuristic,0.0,2.4,0.0,1.2,1.0,-0.0900,184.1700,0.0000,0.7,0.3
1791085590.6262214,37924,Heavy,E-core,"[12, 13, 14, 15, 16, 17, 18, 19, 20, 21, 22, 23]",heuristic,0.0,85.4,0.0,1.0,1.0,-0.0900,0.0000,0.0000,0.7,0.3
1791085590.6262214,36296,Heavy,E-core,"[12, 13, 14, 15, 16, 17, 18, 19, 20, 21, 22, 23]",heuristic,0.0,74.9,0.0,1.0,1.0,-0.0900,0.0000,0.0000,0.7,0.3
1791085590.6262214,35296,Light,E-core,"[12, 13, 14, 15, 16, 17, 18, 19, 20, 21, 22, 23]",heuristic,0.0,5.8,0.0,1.0,1.0,-0.0900,0.0000,0.0000,0.7,0.3
1791085590.6262214,45248,Light,E-core,"[12, 13, 14, 15, 16, 17, 18, 19, 20, 21, 22, 23]",heuristic,0.0,1.9,0.0,1.0,1.0,-0.0900,0.0000,0.0000,0.7,0.3
1791085591.5505702,37924,Heavy,E-core,"[12, 13, 14, 15, 16, 17, 18, 19, 20, 21, 22, 23]",heuristic,0.0,97.5,0.0,1.4,1.0,-0.0900,184.1700,0.0000,0.7,0.3
1791085591.5505702,36296,Heavy,E-core,"[12, 13, 14, 15, 16, 17, 18, 19, 20, 21, 22, 23]",heuristic,0.0,84.5,0.0,1.4,1.0,-0.0900,184.1700,0.0000,0.7,0.3
1791085591.5505702,35296,Light,E-core,"[12, 13, 14, 15, 16, 17, 18, 19, 20, 21, 22, 23]",heuristic,0.0,2.2,0.0,1.4,1.0,-0.0900,184.1700,0.0000,0.7,0.3
1791085591.5505702,45248,Light,E-core,"[12, 13, 14, 15, 16, 17, 18, 19, 20, 21, 22, 23]",heuristic,0.0,2.9,0.0,1.4,1.0,-0.0900,184.1700,0.0000,0.7,0.3
1791085591.6582482,37924,Heavy,E-core,"[12, 13, 14, 15, 16, 17, 18, 19, 20, 21, 22, 23]",heuristic,0.0,110.5,0.0,1.0,1.0,-0.0900,0.0000,0.0000,0.7,0.3
1791085591.6582482,36296,Heavy,E-core,"[12, 13, 14, 15, 16, 17, 18, 19, 20, 21, 22, 23]",heuristic,0.0,91.1,0.0,1.0,1.0,-0.0900,0.0000,0.0000,0.7,0.3
1791085591.6582482,35296,Light,E-core,"[12, 13, 14, 15, 16, 17, 18, 19, 20, 21, 22, 23]",heuristic,0.0,1.9,0.0,1.0,1.0,-0.0900,0.0000,0.0000,0.7,0.3
1791085591.6582482,45248,Light,E-core,"[12, 13, 14, 15, 16, 17, 18, 19, 20, 21, 22, 23]",heuristic,0.0,2.9,0.0,1.0,1.0,-0.0900,0.0000,0.0000,0.7,0.3
1791085592.5922463,37924,Heavy,E-core,"[12, 13, 14, 15, 16, 17, 18, 19, 20, 21, 22, 23]",heuristic,0.0,92.2,0.0,1.0,1.0,-0.0900,184.1700,0.0000,0.7,0.3
1791085592.5922463,36296,Heavy,E-core,"[12, 13, 14, 15, 16, 17, 18, 19, 20, 21, 22, 23]",heuristic,0.0,87.4,0.0,1.0,1.0,-0.0900,184.1700,0.0000,0.7,0.3
1791085592.5922463,35296,Light,E-core,"[12, 13, 14, 15, 16, 17, 18, 19, 20, 21, 22, 23]",heuristic,0.0,1.9,0.0,1.0,1.0,-0.0900,184.1700,0.0000,0.7,0.3
1791085592.5922463,45248,Light,E-core,"[12, 13, 14, 15, 16, 17, 18, 19, 20, 21, 22, 23]",heuristic,0.0,1.9,0.0,1.0,1.0,-0.0900,184.1700,0.0000,0.7,0.3
1791085592.6950428,37924,Heavy,E-core,"[12, 13, 14, 15, 16, 17, 18, 19, 20, 21, 22, 23]",heuristic,0.0,94.5,0.0,1.0,1.0,-0.0900,0.0000,0.0000,0.7,0.3
1791085592.6950428,36296,Heavy,E-core,"[12, 13, 14, 15, 16, 17, 18, 19, 20, 21, 22, 23]",heuristic,0.0,90.7,0.0,1.0,1.0,-0.0900,0.0000,0.0000,0.7,0.3
1791085592.6950428,35296,Light,E-core,"[12, 13, 14, 15, 16, 17, 18, 19, 20, 21, 22, 23]",heuristic,0.0,2.9,0.0,1.0,1.0,-0.0900,0.0000,0.0000,0.7,0.3
1791085592.6950428,45248,Light,E-core,"[12, 13, 14, 15, 16, 17, 18, 19, 20, 21, 22, 23]",heuristic,0.0,1.9,0.0,1.0,1.0,-0.0900,0.0000,0.0000,0.7,0.3
1791085593.7195737,37924,Heavy,E-core,"[12, 13, 14, 15, 16, 17, 18, 19, 20, 21, 22, 23]",heuristic,0.0,139.3,0.0,1.1,1.0,-0.0900,184.1700,0.0000,0.7,0.3
1791085593.7195737,36296,Heavy,E-core,"[12, 13, 14, 15, 16, 17, 18, 19, 20, 21, 22, 23]",heuristic,0.0,113.5,0.0,1.1,1.0,-0.0900,184.1700,0.0000,0.7,0.3
1791085593.7195737,35296,Light,E-core,"[12, 13, 14, 15, 16, 17, 18, 19, 20, 21, 22, 23]",heuristic,0.0,3.5,0.0,1.1,1.0,-0.0900,184.1700,0.0000,0.7,0.3
1791085593.7195737,45248,Light,E-core,"[12, 13, 14, 15, 16, 17, 18, 19, 20, 21, 22, 23]",heuristic,0.0,2.7,0.0,1.1,1.0,-0.0900,184.1700,0.0000,0.7,0.3
1791085593.777794,37924,Heavy,E-core,"[12, 13, 14, 15, 16, 17, 18, 19, 20, 21, 22, 23]",heuristic,0.0,140.4,0.0,1.1,1.0,-0.0900,0.0000,0.0000,0.7,0.3
1791085593.777794,36296,Heavy,E-core,"[12, 13, 14, 15, 16, 17, 18, 19, 20, 21, 22, 23]",heuristic,0.0,121.0,0.0,1.1,1.0,-0.0900,0.0000,0.0000,0.7,0.3
1791085593.777794,35296,Light,E-core,"[12, 13, 14, 15, 16, 17, 18, 19, 20, 21, 22, 23]",heuristic,0.0,2.8,0.0,1.1,1.0,-0.0900,0.0000,0.0000,0.7,0.3
1791085593.777794,45248,Light,E-core,"[12, 13, 14, 15, 16, 17, 18, 19, 20, 21, 22, 23]",heuristic,0.0,2.8,0.0,1.1,1.0,-0.0900,0.0000,0.0000,0.7,0.3
1791085594.8164794,37924,Heavy,E-core,"[12, 13, 14, 15, 16, 17, 18, 19, 20, 21, 22, 23]",heuristic,0.0,322.5,0.0,1.0,1.0,-0.0900,0.0000,0.0000,0.7,0.3
1791085594.8164794,36296,Heavy,E-core,"[12, 13, 14, 15, 16, 17, 18, 19, 20, 21, 22, 23]",heuristic,0.0,374.5,0.0,1.0,1.0,-0.0900,0.0000,0.0000,0.7,0.3
1791085594.8164794,35296,Light,E-core,"[12, 13, 14, 15, 16, 17, 18, 19, 20, 21, 22, 23]",heuristic,0.0,2.9,0.0,1.0,1.0,-0.0900,0.0000,0.0000,0.7,0.3
1791085594.8164794,45248,Light,E-core,"[12, 13, 14, 15, 16, 17, 18, 19, 20, 21, 22, 23]",heuristic,0.0,3.9,0.0,1.0,1.0,-0.0900,0.0000,0.0000,0.7,0.3
1791085596.2483964,37924,Heavy,E-core,"[12, 13, 14, 15, 16, 17, 18, 19, 20, 21, 22, 23]",heuristic,0.0,155.0,0.0,1.5,1.0,-0.0900,184.1700,0.0000,0.7,0.3
1791085596.2483964,36296,Heavy,E-core,"[12, 13, 14, 15, 16, 17, 18, 19, 20, 21, 22, 23]",heuristic,0.0,172.6,0.0,1.5,1.0,-0.0900,184.1700,0.0000,0.7,0.3
1791085596.2483964,35296,Light,E-core,"[12, 13, 14, 15, 16, 17, 18, 19, 20, 21, 22, 23]",heuristic,0.0,3.4,0.0,1.5,1.0,-0.0900,184.1700,0.0000,0.7,0.3
1791085596.2483964,45248,Light,E-core,"[12, 13, 14, 15, 16, 17, 18, 19, 20, 21, 22, 23]",heuristic,0.0,2.7,0.0,1.5,1.0,-0.0900,184.1700,0.0000,0.7,0.3
1791085597.2909832,37924,Heavy,E-core,"[12, 13, 14, 15, 16, 17, 18, 19, 20, 21, 22, 23]",heuristic,0.0,149.6,0.0,1.0,1.0,-0.0900,184.1700,0.0000,0.7,0.3
1791085597.2909832,36296,Heavy,E-core,"[12, 13, 14, 15, 16, 17, 18, 19, 20, 21, 22, 23]",heuristic,0.0,121.8,0.0,1.0,1.0,-0.0900,184.1700,0.0000,0.7,0.3
1791085597.2909832,35296,Light,E-core,"[12, 13, 14, 15, 16, 17, 18, 19, 20, 21, 22, 23]",heuristic,0.0,3.8,0.0,1.0,1.0,-0.0900,184.1700,0.0000,0.7,0.3
1791085597.2909832,45248,Light,E-core,"[12, 13, 14, 15, 16, 17, 18, 19, 20, 21, 22, 23]",heuristic,0.0,1.9,0.0,1.0,1.0,-0.0900,184.1700,0.0000,0.7,0.3
1791085598.333313,37924,Heavy,E-core,"[12, 13, 14, 15, 16, 17, 18, 19, 20, 21, 22, 23]",heuristic,0.0,224.5,0.0,1.0,1.0,-0.0900,184.1700,0.0000,0.7,0.3
1791085598.333313,36296,Heavy,E-core,"[12, 13, 14, 15, 16, 17, 18, 19, 20, 21, 22, 23]",heuristic,0.0,151.6,0.0,1.0,1.0,-0.0900,184.1700,0.0000,0.7,0.3
1791085598.333313,35296,Light,E-core,"[12, 13, 14, 15, 16, 17, 18, 19, 20, 21, 22, 23]",heuristic,0.0,2.9,0.0,1.0,1.0,-0.0900,184.1700,0.0000,0.7,0.3
1791085598.333313,45248,Light,E-core,"[12, 13, 14, 15, 16, 17, 18, 19, 20, 21, 22, 23]",heuristic,0.0,1.9,0.0,1.0,1.0,-0.0900,184.1700,0.0000,0.7,0.3
1791085599.3820035,37924,Heavy,E-core,"[12, 13, 14, 15, 16, 17, 18, 19, 20, 21, 22, 23]",heuristic,0.0,272.7,0.0,1.0,1.0,-0.0900,184.1700,0.0000,0.7,0.3
1791085599.3820035,36296,Heavy,E-core,"[12, 13, 14, 15, 16, 17, 18, 19, 20, 21, 22, 23]",heuristic,0.0,212.6,0.0,1.0,1.0,-0.0900,184.1700,0.0000,0.7,0.3
1791085599.3820035,35296,Light,E-core,"[12, 13, 14, 15, 16, 17, 18, 19, 20, 21, 22, 23]",heuristic,0.0,2.9,0.0,1.0,1.0,-0.0900,184.1700,0.0000,0.7,0.3
1791085599.3820035,45248,Light,E-core,"[12, 13, 14, 15, 16, 17, 18, 19, 20, 21, 22, 23]",heuristic,0.0,2.9,0.0,1.0,1.0,-0.0900,184.1700,0.0000,0.7,0.3
1791085600.428202,37924,Heavy,E-core,"[12, 13, 14, 15, 16, 17, 18, 19, 20, 21, 22, 23]",heuristic,0.0,231.3,0.0,1.0,1.0,-0.0900,184.1700,0.0000,0.7,0.3
1791085600.428202,36296,Heavy,E-core,"[12, 13, 14, 15, 16, 17, 18, 19, 20, 21, 22, 23]",heuristic,0.0,247.6,0.0,1.0,1.0,-0.0900,184.1700,0.0000,0.7,0.3
1791085600.428202,35296,Light,E-core,"[12, 13, 14, 15, 16, 17, 18, 19, 20, 21, 22, 23]",heuristic,0.0,2.9,0.0,1.0,1.0,-0.0900,184.1700,0.0000,0.7,0.3
1791085600.428202,45248,Light,E-core,"[12, 13, 14, 15, 16, 17, 18, 19, 20, 21, 22, 23]",heuristic,0.0,2.9,0.0,1.0,1.0,-0.0900,184.1700,0.0000,0.7,0.3
1791085601.4611232,37924,Heavy,E-core,"[12, 13, 14, 15, 16, 17, 18, 19, 20, 21, 22, 23]",heuristic,0.0,113.3,0.0,1.0,1.0,-0.0900,184.1700,0.0000,0.7,0.3
1791085601.4611232,36296,Heavy,E-core,"[12, 13, 14, 15, 16, 17, 18, 19, 20, 21, 22, 23]",heuristic,0.0,373.7,0.0,1.0,1.0,-0.0900,184.1700,0.0000,0.7,0.3
1791085601.4611232,35296,Light,E-core,"[12, 13, 14, 15, 16, 17, 18, 19, 20, 21, 22, 23]",heuristic,0.0,2.9,0.0,1.0,1.0,-0.0900,184.1700,0.0000,0.7,0.3
1791085601.4611232,45248,Light,E-core,"[12, 13, 14, 15, 16, 17, 18, 19, 20, 21, 22, 23]",heuristic,0.0,7.7,0.0,1.0,1.0,-0.0900,184.1700,0.0000,0.7,0.3
1791085602.4944353,37924,Heavy,E-core,"[12, 13, 14, 15, 16, 17, 18, 19, 20, 21, 22, 23]",heuristic,0.0,109.2,0.0,1.0,1.0,-0.0900,0.0000,0.0000,0.7,0.3
1791085602.4944353,36296,Heavy,E-core,"[12, 13, 14, 15, 16, 17, 18, 19, 20, 21, 22, 23]",heuristic,0.0,113.1,0.0,1.0,1.0,-0.0900,0.0000,0.0000,0.7,0.3
1791085602.4944353,35296,Light,E-core,"[12, 13, 14, 15, 16, 17, 18, 19, 20, 21, 22, 23]",heuristic,0.0,2.9,0.0,1.0,1.0,-0.0900,0.0000,0.0000,0.7,0.3
1791085602.4944353,45248,Light,E-core,"[12, 13, 14, 15, 16, 17, 18, 19, 20, 21, 22, 23]",heuristic,0.0,1.9,0.0,1.0,1.0,-0.0900,0.0000,0.0000,0.7,0.3
1791085603.618017,37924,Heavy,E-core,"[12, 13, 14, 15, 16, 17, 18, 19, 20, 21, 22, 23]",heuristic,0.0,90.8,0.0,1.1,1.0,-0.0900,0.0000,0.0000,0.7,0.3
1791085603.618017,36296,Heavy,E-core,"[12, 13, 14, 15, 16, 17, 18, 19, 20, 21, 22, 23]",heuristic,0.0,92.6,0.0,1.1,1.0,-0.0900,0.0000,0.0000,0.7,0.3
1791085603.618017,35296,Light,E-core,"[12, 13, 14, 15, 16, 17, 18, 19, 20, 21, 22, 23]",heuristic,0.0,2.7,0.0,1.1,1.0,-0.0900,0.0000,0.0000,0.7,0.3
1791085603.618017,45248,Light,E-core,"[12, 13, 14, 15, 16, 17, 18, 19, 20, 21, 22, 23]",heuristic,0.0,2.7,0.0,1.1,1.0,-0.0900,0.0000,0.0000,0.7,0.3
